seqnames,start,end,width,strand,dens,window_scores,coverage
chr1,1,100000,100000,*,8,0,0
chr1,100001,200000,100000,*,6,0,0
chr1,200001,300000,100000,*,5,0,0
chr1,300001,400000,100000,*,10,0,0
chr1,400001,500000,100000,*,6,0,0
chr1,500001,600000,100000,*,3,0,0
chr1,600001,700000,100000,*,3,0,0
chr1,700001,800000,100000,*,2,0,0
chr1,800001,900000,100000,*,6,0,0
chr1,900001,1000000,100000,*,7,0,0
chr1,1000001,1100000,100000,*,6,0,0
chr1,1100001,1200000,100000,*,5,0,0
chr1,1200001,1300000,100000,*,4,0,0
chr1,1300001,1400000,100000,*,7,0,0
chr1,1400001,1500000,100000,*,5,0,0
chr1,1500001,1600000,100000,*,5,0,0
chr1,1600001,1700000,100000,*,8,0,0
chr1,1700001,1800000,100000,*,2,0,0
chr1,1800001,1900000,100000,*,3,0,0
chr1,1900001,2000000,100000,*,5,0,0
chr1,2000001,2100000,100000,*,3,0,0
chr1,2100001,2200000,100000,*,7,0,0
chr1,2200001,2300000,100000,*,4,0,0
chr1,2300001,2400000,100000,*,4,0,0
chr1,2400001,2500000,100000,*,1,0,0
chr1,2500001,2600000,100000,*,5,0,0
chr1,2600001,2700000,100000,*,2,0,0
chr1,2700001,2800000,100000,*,5,0,0
chr1,2800001,2900000,100000,*,10,0,0
chr1,2900001,3000000,100000,*,5,0,0
chr1,3000001,3100000,100000,*,9,0,0
chr1,3100001,3200000,100000,*,6,0,0
chr1,3200001,3300000,100000,*,5,0,0
chr1,3300001,3400000,100000,*,14,0,0
chr1,3400001,3500000,100000,*,7,0,0
chr1,3500001,3600000,100000,*,4,0,0
chr1,3600001,3700000,100000,*,8,0,0
chr1,3700001,3800000,100000,*,8,0,0
chr1,3800001,3900000,100000,*,4,0,0
chr1,3900001,4000000,100000,*,7,0,0
chr1,4000001,4100000,100000,*,3,0,0
chr1,4100001,4200000,100000,*,4,0,0
chr1,4200001,4300000,100000,*,2,0,0
chr1,4300001,4400000,100000,*,10,0,0
chr1,4400001,4500000,100000,*,2,0,0
chr1,4500001,4600000,100000,*,15,0,0
chr1,4600001,4700000,100000,*,4,0,0
chr1,4700001,4800000,100000,*,6,0,0
chr1,4800001,4900000,100000,*,4,0,0
chr1,4900001,5000000,100000,*,4,0,0
chr1,5000001,5100000,100000,*,8,0,0
chr1,5100001,5200000,100000,*,10,0,0
chr1,5200001,5300000,100000,*,8,0,0
chr1,5300001,5400000,100000,*,4,0,0
chr1,5400001,5500000,100000,*,10,0,0
chr1,5500001,5600000,100000,*,3,0,0
chr1,5600001,5700000,100000,*,11,0,0
chr1,5700001,5800000,100000,*,16,0,0
chr1,5800001,5900000,100000,*,6,0,0
chr1,5900001,6000000,100000,*,8,0,0
chr1,6000001,6100000,100000,*,6,0,0
chr1,6100001,6200000,100000,*,9,0,0
chr1,6200001,6300000,100000,*,10,0,0
chr1,6300001,6400000,100000,*,5,0,0
chr1,6400001,6500000,100000,*,5,0,0
chr1,6500001,6600000,100000,*,6,0,0
chr1,6600001,6700000,100000,*,7,0,0
chr1,6700001,6800000,100000,*,5,0,0
chr1,6800001,6900000,100000,*,14,0,0
chr1,6900001,7000000,100000,*,4,0,0
chr1,7000001,7100000,100000,*,11,0,0
chr1,7100001,7200000,100000,*,8,0,0
chr1,7200001,7300000,100000,*,5,0,0
chr1,7300001,7400000,100000,*,10,0,0
chr1,7400001,7500000,100000,*,8,0,0
chr1,7500001,7600000,100000,*,2,0,0
chr1,7600001,7700000,100000,*,7,0,0
chr1,7700001,7800000,100000,*,6,0,0
chr1,7800001,7900000,100000,*,9,0,0
chr1,7900001,8000000,100000,*,3,0,0
chr1,8000001,8100000,100000,*,4,0,0
chr1,8100001,8200000,100000,*,14,0,0
chr1,8200001,8300000,100000,*,7,0,0
chr1,8300001,8400000,100000,*,5,0,0
chr1,8400001,8500000,100000,*,1,0,0
chr1,8500001,8600000,100000,*,10,0,0
chr1,8600001,8700000,100000,*,4,0,0
chr1,8700001,8800000,100000,*,4,0,0
chr1,8800001,8900000,100000,*,9,0,0
chr1,8900001,9000000,100000,*,4,0,0
chr1,9000001,9100000,100000,*,6,0,0
chr1,9100001,9200000,100000,*,3,0,0
chr1,9200001,9300000,100000,*,5,0,0
chr1,9300001,9400000,100000,*,14,0,0
chr1,9400001,9500000,100000,*,7,0,0
chr1,9500001,9600000,100000,*,15,0,0
chr1,9600001,9700000,100000,*,2,0,0
chr1,9700001,9800000,100000,*,9,0,0
chr1,9800001,9900000,100000,*,4,0,0
chr1,9900001,10000000,100000,*,7,0,0
chr1,10000001,10100000,100000,*,15,0,0
chr1,10100001,10200000,100000,*,10,0,0
chr1,10200001,10300000,100000,*,10,0,0
chr1,10300001,10400000,100000,*,8,0,0
chr1,10400001,10500000,100000,*,21,0,0
chr1,10500001,10600000,100000,*,9,0,0
chr1,10600001,10700000,100000,*,5,0,0
chr1,10700001,10800000,100000,*,21,0,0
chr1,10800001,10900000,100000,*,10,0,0
chr1,10900001,11000000,100000,*,13,0,0
chr1,11000001,11100000,100000,*,10,0,0
chr1,11100001,11200000,100000,*,21,0,0
chr1,11200001,11300000,100000,*,11,0,0
chr1,11300001,11400000,100000,*,5,0,0
chr1,11400001,11500000,100000,*,5,0,0
chr1,11500001,11600000,100000,*,14,0,0
chr1,11600001,11700000,100000,*,8,0,0
chr1,11700001,11800000,100000,*,11,0,0
chr1,11800001,11900000,100000,*,11,0,0
chr1,11900001,12000000,100000,*,13,0,0
chr1,12000001,12100000,100000,*,25,0,0
chr1,12100001,12200000,100000,*,30,0,0
chr1,12200001,12300000,100000,*,12,0,0
chr1,12300001,12400000,100000,*,12,0,0
chr1,12400001,12500000,100000,*,10,0,0
chr1,12500001,12600000,100000,*,5,0,0
chr1,12600001,12700000,100000,*,9,0,0
chr1,12700001,12800000,100000,*,9,0,0
chr1,12800001,12900000,100000,*,16,0,0
chr1,12900001,13000000,100000,*,14,0,0
chr1,13000001,13100000,100000,*,16,0,0
chr1,13100001,13200000,100000,*,17,0,0
chr1,13200001,13300000,100000,*,12,0,0
chr1,13300001,13400000,100000,*,20,0,0
chr1,13400001,13500000,100000,*,14,0,0
chr1,13500001,13600000,100000,*,7,0,0
chr1,13600001,13700000,100000,*,4,0,0
chr1,13700001,13800000,100000,*,10,0,0
chr1,13800001,13900000,100000,*,9,0,0
chr1,13900001,14000000,100000,*,8,0,0
chr1,14000001,14100000,100000,*,10,0,0
chr1,14100001,14200000,100000,*,12,0,0
chr1,14200001,14300000,100000,*,13,0,0
chr1,14300001,14400000,100000,*,9,0,0
chr1,14400001,14500000,100000,*,5,0,0
chr1,14500001,14600000,100000,*,13,0,0
chr1,14600001,14700000,100000,*,9,0,0
chr1,14700001,14800000,100000,*,4,0,0
chr1,14800001,14900000,100000,*,12,0,0
chr1,14900001,15000000,100000,*,5,0,0
chr1,15000001,15100000,100000,*,8,0,0
chr1,15100001,15200000,100000,*,6,0,0
chr1,15200001,15300000,100000,*,12,0,0
chr1,15300001,15400000,100000,*,9,0,0
chr1,15400001,15500000,100000,*,8,0,0
chr1,15500001,15600000,100000,*,12,0,0
chr1,15600001,15700000,100000,*,10,0,0
chr1,15700001,15800000,100000,*,6,0,0
chr1,15800001,15900000,100000,*,11,0,0
chr1,15900001,16000000,100000,*,5,0,0
chr1,16000001,16100000,100000,*,4,0,0
chr1,16100001,16200000,100000,*,9,0,0
chr1,16200001,16300000,100000,*,32,0,0
chr1,16300001,16400000,100000,*,15,0,0
chr1,16400001,16500000,100000,*,7,0,0
chr1,16500001,16600000,100000,*,10,0,0
chr1,16600001,16700000,100000,*,8,0,0
chr1,16700001,16800000,100000,*,7,0,0
chr1,16800001,16900000,100000,*,12,0,0
chr1,16900001,17000000,100000,*,7,0,0
chr1,17000001,17100000,100000,*,6,0,0
chr1,17100001,17200000,100000,*,12,0,0
chr1,17200001,17300000,100000,*,6,0,0
chr1,17300001,17400000,100000,*,12,0,0
chr1,17400001,17500000,100000,*,4,0,0
chr1,17500001,17600000,100000,*,4,0,0
chr1,17600001,17700000,100000,*,11,0,0
chr1,17700001,17800000,100000,*,12,0,0
chr1,17800001,17900000,100000,*,8,0,0
chr1,17900001,18000000,100000,*,11,0,0
chr1,18000001,18100000,100000,*,14,0,0
chr1,18100001,18200000,100000,*,13,0,0
chr1,18200001,18300000,100000,*,11,0,0
chr1,18300001,18400000,100000,*,6,0,0
chr1,18400001,18500000,100000,*,9,0,0
chr1,18500001,18600000,100000,*,11,0,0
chr1,18600001,18700000,100000,*,6,0,0
chr1,18700001,18800000,100000,*,12,0,0
chr1,18800001,18900000,100000,*,12,0,0
chr1,18900001,19000000,100000,*,7,0,0
chr1,19000001,19100000,100000,*,4,0,0
chr1,19100001,19200000,100000,*,12,0,0
chr1,19200001,19300000,100000,*,10,0,0
chr1,19300001,19400000,100000,*,16,0,0
chr1,19400001,19500000,100000,*,11,0,0
chr1,19500001,19600000,100000,*,19,0,0
chr1,19600001,19700000,100000,*,13,0,0
chr1,19700001,19800000,100000,*,11,0,0
chr1,19800001,19900000,100000,*,8,0,0
chr1,19900001,20000000,100000,*,5,0,0
chr1,20000001,20100000,100000,*,10,0,0
chr1,20100001,20200000,100000,*,4,0,0
chr1,20200001,20300000,100000,*,8,0,0
chr1,20300001,20400000,100000,*,13,0,0
chr1,20400001,20500000,100000,*,10,0,0
chr1,20500001,20600000,100000,*,10,0,0
chr1,20600001,20700000,100000,*,9,0,0
chr1,20700001,20800000,100000,*,12,0,0
chr1,20800001,20900000,100000,*,5,0,0
chr1,20900001,21000000,100000,*,17,0,0
chr1,21000001,21100000,100000,*,19,0,0
chr1,21100001,21200000,100000,*,14,0,0
chr1,21200001,21300000,100000,*,22,0,0
chr1,21300001,21400000,100000,*,27,0,0
chr1,21400001,21500000,100000,*,15,0,0
chr1,21500001,21600000,100000,*,19,0,0
chr1,21600001,21700000,100000,*,20,0,0
chr1,21700001,21800000,100000,*,16,0,0
chr1,21800001,21900000,100000,*,19,0,0
chr1,21900001,22000000,100000,*,25,0,0
chr1,22000001,22100000,100000,*,21,0,0
chr1,22100001,22200000,100000,*,17,0,0
chr1,22200001,22300000,100000,*,24,0,0
chr1,22300001,22400000,100000,*,18,0,0
chr1,22400001,22500000,100000,*,18,0,0
chr1,22500001,22600000,100000,*,25,0,0
chr1,22600001,22700000,100000,*,16,0,0
chr1,22700001,22800000,100000,*,16,0,0
chr1,22800001,22900000,100000,*,22,0,0
chr1,22900001,23000000,100000,*,16,0,0
chr1,23000001,23100000,100000,*,19,0,0
chr1,23100001,23200000,100000,*,19,0,0
chr1,23200001,23300000,100000,*,18,0,0
chr1,23300001,23400000,100000,*,19,0,0
chr1,23400001,23500000,100000,*,24,0,0
chr1,23500001,23600000,100000,*,14,0,0
chr1,23600001,23700000,100000,*,17,0,0
chr1,23700001,23800000,100000,*,18,0,0
chr1,23800001,23900000,100000,*,4,0,0
chr1,23900001,24000000,100000,*,3,0,0
chr1,24000001,24100000,100000,*,7,0,0
chr1,24100001,24200000,100000,*,18,0,0
chr1,24200001,24300000,100000,*,9,0,0
chr1,24300001,24400000,100000,*,13,0,0
chr1,24400001,24500000,100000,*,10,0,0
chr1,24500001,24600000,100000,*,12,0,0
chr1,24600001,24700000,100000,*,10,0,0
chr1,24700001,24800000,100000,*,14,0,0
chr1,24800001,24900000,100000,*,16,0,0
chr1,24900001,25000000,100000,*,9,0,0
chr1,25000001,25100000,100000,*,9,0,0
chr1,25100001,25200000,100000,*,5,0,0
chr1,25200001,25300000,100000,*,6,0,0
chr1,25300001,25400000,100000,*,3,0,0
chr1,25400001,25500000,100000,*,10,0,0
chr1,25500001,25600000,100000,*,6,0,0
chr1,25600001,25700000,100000,*,14,0,0
chr1,25700001,25800000,100000,*,5,0,0
chr1,25800001,25900000,100000,*,12,0,0
chr1,25900001,26000000,100000,*,14,0,0
chr1,26000001,26100000,100000,*,11,0,0
chr1,26100001,26200000,100000,*,15,0,0
chr1,26200001,26300000,100000,*,7,0,0
chr1,26300001,26400000,100000,*,27,0,0
chr1,26400001,26500000,100000,*,16,0,0
chr1,26500001,26600000,100000,*,16,0,0
chr1,26600001,26700000,100000,*,3,0,0
chr1,26700001,26800000,100000,*,7,0,0
chr1,26800001,26900000,100000,*,5,0,0
chr1,26900001,27000000,100000,*,11,0,0
chr1,27000001,27100000,100000,*,5,0,0
chr1,27100001,27200000,100000,*,7,0,0
chr1,27200001,27300000,100000,*,14,0,0
chr1,27300001,27400000,100000,*,5,0,0
chr1,27400001,27500000,100000,*,5,0,0
chr1,27500001,27600000,100000,*,9,0,0
chr1,27600001,27700000,100000,*,12,0,0
chr1,27700001,27800000,100000,*,8,0,0
chr1,27800001,27900000,100000,*,3,0,0
chr1,27900001,28000000,100000,*,17,0,0
chr1,28000001,28100000,100000,*,26,0,0
chr1,28100001,28200000,100000,*,9,0,0
chr1,28200001,28300000,100000,*,8,0,0
chr1,28300001,28400000,100000,*,7,0,0
chr1,28400001,28500000,100000,*,6,0,0
chr1,28500001,28600000,100000,*,8,0,0
chr1,28600001,28700000,100000,*,12,0,0
chr1,28700001,28800000,100000,*,4,0,0
chr1,28800001,28900000,100000,*,19,0,0
chr1,28900001,29000000,100000,*,4,0,0
chr1,29000001,29100000,100000,*,6,0,0
chr1,29100001,29200000,100000,*,8,0,0
chr1,29200001,29300000,100000,*,20,0,0
chr1,29300001,29400000,100000,*,11,0,0
chr1,29400001,29500000,100000,*,7,0,0
chr1,29500001,29600000,100000,*,13,0,0
chr1,29600001,29700000,100000,*,4,0,0
chr1,29700001,29800000,100000,*,0,0,NA
chr1,29800001,29900000,100000,*,14,0,0
chr1,29900001,30000000,100000,*,19,0,0
chr1,30000001,30100000,100000,*,7,0,0
chr1,30100001,30200000,100000,*,8,0,0
chr1,30200001,30300000,100000,*,7,0,0
chr1,30300001,30400000,100000,*,16,0,0
chr1,30400001,30500000,100000,*,9,0,0
chr1,30500001,30600000,100000,*,8,0,0
chr1,30600001,30700000,100000,*,1,0,0
chr1,30700001,30800000,100000,*,6,0,0
chr1,30800001,30900000,100000,*,8,0,0
chr1,30900001,31000000,100000,*,7,0,0
chr1,31000001,31100000,100000,*,18,0,0
chr1,31100001,31200000,100000,*,7,0,0
chr1,31200001,31300000,100000,*,6,0,0
chr1,31300001,31400000,100000,*,4,0,0
chr1,31400001,31500000,100000,*,6,0,0
chr1,31500001,31600000,100000,*,13,0,0
chr1,31600001,31700000,100000,*,3,0,0
chr1,31700001,31800000,100000,*,2,0,0
chr1,31800001,31900000,100000,*,9,0,0
chr1,31900001,32000000,100000,*,8,0,0
chr1,32000001,32100000,100000,*,6,0,0
chr1,32100001,32200000,100000,*,8,0,0
chr1,32200001,32300000,100000,*,24,0,0
chr1,32300001,32400000,100000,*,1,0,0
chr1,32400001,32500000,100000,*,8,0,0
chr1,32500001,32600000,100000,*,29,0,0
chr1,32600001,32700000,100000,*,40,0,0
chr1,32700001,32800000,100000,*,21,0,0
chr1,32800001,32900000,100000,*,24,0,0
chr1,32900001,33000000,100000,*,21,0,0
chr1,33000001,33100000,100000,*,26,0,0
chr1,33100001,33200000,100000,*,19,0,0
chr1,33200001,33300000,100000,*,20,0,0
chr1,33300001,33400000,100000,*,17,0,0
chr1,33400001,33500000,100000,*,18,0,0
chr1,33500001,33600000,100000,*,24,0,0
chr1,33600001,33700000,100000,*,14,0,0
chr1,33700001,33800000,100000,*,22,0,0
chr1,33800001,33900000,100000,*,21,0,0
chr1,33900001,34000000,100000,*,21,0,0
chr1,34000001,34100000,100000,*,6,0,0
chr1,34100001,34200000,100000,*,22,0,0
chr1,34200001,34300000,100000,*,17,0,0
chr1,34300001,34400000,100000,*,10,0,0
chr1,34400001,34500000,100000,*,10,0,0
chr1,34500001,34600000,100000,*,8,0,0
chr1,34600001,34700000,100000,*,8,0,0
chr1,34700001,34800000,100000,*,11,0,0
chr1,34800001,34900000,100000,*,16,0,0
chr1,34900001,35000000,100000,*,7,0,0
chr1,35000001,35100000,100000,*,15,0,0
chr1,35100001,35200000,100000,*,9,0,0
chr1,35200001,35300000,100000,*,8,0,0
chr1,35300001,35400000,100000,*,8,0,0
chr1,35400001,35500000,100000,*,5,0,0
chr1,35500001,35600000,100000,*,13,0,0
chr1,35600001,35700000,100000,*,9,0,0
chr1,35700001,35800000,100000,*,2,0,0
chr1,35800001,35900000,100000,*,10,0,0
chr1,35900001,36000000,100000,*,17,0,0
chr1,36000001,36100000,100000,*,13,0,0
chr1,36100001,36200000,100000,*,6,0,0
chr1,36200001,36300000,100000,*,8,0,0
chr1,36300001,36400000,100000,*,6,0,0
chr1,36400001,36500000,100000,*,17,0,0
chr1,36500001,36600000,100000,*,20,0,0
chr1,36600001,36700000,100000,*,8,0,0
chr1,36700001,36800000,100000,*,14,0,0
chr1,36800001,36900000,100000,*,15,0,0
chr1,36900001,37000000,100000,*,6,0,0
chr1,37000001,37100000,100000,*,4,0,0
chr1,37100001,37200000,100000,*,21,0,0
chr1,37200001,37300000,100000,*,11,0,0
chr1,37300001,37400000,100000,*,13,0,0
chr1,37400001,37500000,100000,*,16,0,0
chr1,37500001,37600000,100000,*,13,0,0
chr1,37600001,37700000,100000,*,18,0,0
chr1,37700001,37800000,100000,*,14,0,0
chr1,37800001,37868808,68808,*,5,0,0
chr2,1,100000,100000,*,9,0,0
chr2,100001,200000,100000,*,14,0,0
chr2,200001,300000,100000,*,14,0,0
chr2,300001,400000,100000,*,8,0,0
chr2,400001,500000,100000,*,5,0,0
chr2,500001,600000,100000,*,13,0,0
chr2,600001,700000,100000,*,6,0,0
chr2,700001,800000,100000,*,8,0,0
chr2,800001,900000,100000,*,13,0,0
chr2,900001,1000000,100000,*,2,0,0
chr2,1000001,1100000,100000,*,7,0,0
chr2,1100001,1200000,100000,*,14,0,0
chr2,1200001,1300000,100000,*,6,0,0
chr2,1300001,1400000,100000,*,7,0,0
chr2,1400001,1500000,100000,*,16,0,0
chr2,1500001,1600000,100000,*,16,0,0
chr2,1600001,1700000,100000,*,14,0,0
chr2,1700001,1800000,100000,*,7,0,0
chr2,1800001,1900000,100000,*,2,0,0
chr2,1900001,2000000,100000,*,8,0,0
chr2,2000001,2100000,100000,*,3,0,0
chr2,2100001,2200000,100000,*,11,0,0
chr2,2200001,2300000,100000,*,11,0,0
chr2,2300001,2400000,100000,*,11,0,0
chr2,2400001,2500000,100000,*,9,0,0
chr2,2500001,2600000,100000,*,13,0,0
chr2,2600001,2700000,100000,*,9,0,0
chr2,2700001,2800000,100000,*,8,0,0
chr2,2800001,2900000,100000,*,9,0,0
chr2,2900001,3000000,100000,*,13,0,0
chr2,3000001,3100000,100000,*,14,0,0
chr2,3100001,3200000,100000,*,4,0,0
chr2,3200001,3300000,100000,*,9,0,0
chr2,3300001,3400000,100000,*,15,0,0
chr2,3400001,3500000,100000,*,5,0,0
chr2,3500001,3600000,100000,*,1,0,0
chr2,3600001,3700000,100000,*,14,0,0
chr2,3700001,3800000,100000,*,8,0,0
chr2,3800001,3900000,100000,*,9,0,0
chr2,3900001,4000000,100000,*,17,0,0
chr2,4000001,4100000,100000,*,8,0,0
chr2,4100001,4200000,100000,*,30,0,0
chr2,4200001,4300000,100000,*,18,0,0
chr2,4300001,4400000,100000,*,15,0,0
chr2,4400001,4500000,100000,*,7,0,0
chr2,4500001,4600000,100000,*,3,0,0
chr2,4600001,4700000,100000,*,13,0,0
chr2,4700001,4800000,100000,*,15,0,0
chr2,4800001,4900000,100000,*,12,0,0
chr2,4900001,5000000,100000,*,4,0,0
chr2,5000001,5100000,100000,*,13,0,0
chr2,5100001,5200000,100000,*,10,0,0
chr2,5200001,5300000,100000,*,14,0,0
chr2,5300001,5400000,100000,*,7,0,0
chr2,5400001,5500000,100000,*,11,0,0
chr2,5500001,5600000,100000,*,14,0,0
chr2,5600001,5700000,100000,*,10,0,0
chr2,5700001,5800000,100000,*,8,0,0
chr2,5800001,5900000,100000,*,13,0,0
chr2,5900001,6000000,100000,*,7,0,0
chr2,6000001,6100000,100000,*,30,0,0
chr2,6100001,6200000,100000,*,16,0,0
chr2,6200001,6300000,100000,*,16,0,0
chr2,6300001,6400000,100000,*,23,0,0
chr2,6400001,6500000,100000,*,14,0,0
chr2,6500001,6600000,100000,*,11,0,0
chr2,6600001,6700000,100000,*,25,0,0
chr2,6700001,6800000,100000,*,6,0,0
chr2,6800001,6900000,100000,*,11,0,0
chr2,6900001,7000000,100000,*,8,0,0
chr2,7000001,7100000,100000,*,23,0,0
chr2,7100001,7200000,100000,*,5,0,0
chr2,7200001,7300000,100000,*,9,0,0
chr2,7300001,7400000,100000,*,9,0,0
chr2,7400001,7500000,100000,*,12,0,0
chr2,7500001,7600000,100000,*,9,0,0
chr2,7600001,7700000,100000,*,8,0,0
chr2,7700001,7800000,100000,*,15,0,0
chr2,7800001,7900000,100000,*,19,0,0
chr2,7900001,8000000,100000,*,7,0,0
chr2,8000001,8100000,100000,*,14,0,0
chr2,8100001,8200000,100000,*,7,0,0
chr2,8200001,8300000,100000,*,17,0,0
chr2,8300001,8400000,100000,*,13,0,0
chr2,8400001,8500000,100000,*,18,0,0
chr2,8500001,8600000,100000,*,12,0,0
chr2,8600001,8700000,100000,*,7,0,0
chr2,8700001,8800000,100000,*,16,0,0
chr2,8800001,8900000,100000,*,12,0,0
chr2,8900001,9000000,100000,*,12,0,0
chr2,9000001,9100000,100000,*,11,0,0
chr2,9100001,9200000,100000,*,6,0,0
chr2,9200001,9300000,100000,*,18,0,0
chr2,9300001,9400000,100000,*,18,0,0
chr2,9400001,9500000,100000,*,13,0,0
chr2,9500001,9600000,100000,*,9,0,0
chr2,9600001,9700000,100000,*,13,0,0
chr2,9700001,9800000,100000,*,17,0,0
chr2,9800001,9900000,100000,*,7,0,0
chr2,9900001,10000000,100000,*,11,0,0
chr2,10000001,10100000,100000,*,10,0,0
chr2,10100001,10200000,100000,*,6,0,0
chr2,10200001,10300000,100000,*,4,0,0
chr2,10300001,10400000,100000,*,7,0,0
chr2,10400001,10500000,100000,*,15,0,0
chr2,10500001,10600000,100000,*,15,0,0
chr2,10600001,10700000,100000,*,11,0,0
chr2,10700001,10800000,100000,*,9,0,0
chr2,10800001,10900000,100000,*,8,0,0
chr2,10900001,11000000,100000,*,10,0,0
chr2,11000001,11100000,100000,*,9,0,0
chr2,11100001,11200000,100000,*,17,0,0
chr2,11200001,11300000,100000,*,14,0,0
chr2,11300001,11400000,100000,*,15,0,0
chr2,11400001,11500000,100000,*,24,0,0
chr2,11500001,11600000,100000,*,13,0,0
chr2,11600001,11700000,100000,*,19,0,0
chr2,11700001,11800000,100000,*,8,0,0
chr2,11800001,11900000,100000,*,21,0,0
chr2,11900001,12000000,100000,*,15,0,0
chr2,12000001,12100000,100000,*,19,0,0
chr2,12100001,12200000,100000,*,14,0,0
chr2,12200001,12300000,100000,*,18,0,0
chr2,12300001,12400000,100000,*,10,0,0
chr2,12400001,12500000,100000,*,14,0,0
chr2,12500001,12600000,100000,*,13,0,0
chr2,12600001,12700000,100000,*,6,0,0
chr2,12700001,12800000,100000,*,11,0,0
chr2,12800001,12900000,100000,*,16,0,0
chr2,12900001,13000000,100000,*,13,0,0
chr2,13000001,13100000,100000,*,8,0,0
chr2,13100001,13200000,100000,*,2,0,0
chr2,13200001,13300000,100000,*,10,0,0
chr2,13300001,13400000,100000,*,14,0,0
chr2,13400001,13500000,100000,*,19,0,0
chr2,13500001,13600000,100000,*,5,0,0
chr2,13600001,13700000,100000,*,6,0,0
chr2,13700001,13800000,100000,*,4,0,0
chr2,13800001,13900000,100000,*,11,0,0
chr2,13900001,14000000,100000,*,8,0,0
chr2,14000001,14100000,100000,*,2,0,0
chr2,14100001,14200000,100000,*,10,0,0
chr2,14200001,14300000,100000,*,7,0,0
chr2,14300001,14400000,100000,*,4,0,0
chr2,14400001,14500000,100000,*,20,0,0
chr2,14500001,14600000,100000,*,7,0,0
chr2,14600001,14700000,100000,*,8,0,0
chr2,14700001,14800000,100000,*,6,0,0
chr2,14800001,14900000,100000,*,5,0,0
chr2,14900001,15000000,100000,*,6,0,0
chr2,15000001,15100000,100000,*,5,0,0
chr2,15100001,15200000,100000,*,4,0,0
chr2,15200001,15300000,100000,*,7,0,0
chr2,15300001,15400000,100000,*,5,0,0
chr2,15400001,15500000,100000,*,7,0,0
chr2,15500001,15600000,100000,*,1,0,0
chr2,15600001,15700000,100000,*,8,0,0
chr2,15700001,15800000,100000,*,6,0,0
chr2,15800001,15900000,100000,*,5,0,0
chr2,15900001,16000000,100000,*,9,0,0
chr2,16000001,16100000,100000,*,7,0,0
chr2,16100001,16200000,100000,*,10,0,0
chr2,16200001,16300000,100000,*,10,0,0
chr2,16300001,16400000,100000,*,12,0,0
chr2,16400001,16500000,100000,*,7,0,0
chr2,16500001,16600000,100000,*,11,0,0
chr2,16600001,16700000,100000,*,11,0,0
chr2,16700001,16800000,100000,*,5,0,0
chr2,16800001,16900000,100000,*,8,0,0
chr2,16900001,17000000,100000,*,4,0,0
chr2,17000001,17100000,100000,*,16,0,0
chr2,17100001,17200000,100000,*,11,0,0
chr2,17200001,17300000,100000,*,12,0,0
chr2,17300001,17400000,100000,*,11,0,0
chr2,17400001,17500000,100000,*,6,0,0
chr2,17500001,17600000,100000,*,4,0,0
chr2,17600001,17700000,100000,*,13,0,0
chr2,17700001,17800000,100000,*,7,0,0
chr2,17800001,17900000,100000,*,10,0,0
chr2,17900001,18000000,100000,*,2,0,0
chr2,18000001,18100000,100000,*,6,0,0
chr2,18100001,18200000,100000,*,10,0,0
chr2,18200001,18300000,100000,*,7,0,0
chr2,18300001,18400000,100000,*,1,0,0
chr2,18400001,18500000,100000,*,7,0,0
chr2,18500001,18600000,100000,*,2,0,0
chr2,18600001,18700000,100000,*,11,0,0
chr2,18700001,18800000,100000,*,4,0,0
chr2,18800001,18900000,100000,*,1,0,0
chr2,18900001,19000000,100000,*,6,0,0
chr2,19000001,19100000,100000,*,4,0,0
chr2,19100001,19200000,100000,*,6,0,0
chr2,19200001,19300000,100000,*,7,0,0
chr2,19300001,19340014,40014,*,9,0,0
chr3,1,100000,100000,*,12,0,0
chr3,100001,200000,100000,*,1,0,0
chr3,200001,300000,100000,*,15,0,0
chr3,300001,400000,100000,*,2,0,0
chr3,400001,500000,100000,*,4,0,0
chr3,500001,600000,100000,*,0,0,NA
chr3,600001,700000,100000,*,9,0,0
chr3,700001,800000,100000,*,6,0,0
chr3,800001,900000,100000,*,5,0,0
chr3,900001,1000000,100000,*,8,0,0
chr3,1000001,1100000,100000,*,16,0,0
chr3,1100001,1200000,100000,*,10,0,0
chr3,1200001,1300000,100000,*,11,0,0
chr3,1300001,1400000,100000,*,8,0,0
chr3,1400001,1500000,100000,*,4,0,0
chr3,1500001,1600000,100000,*,8,0,0
chr3,1600001,1700000,100000,*,14,0,0
chr3,1700001,1800000,100000,*,4,0,0
chr3,1800001,1900000,100000,*,8,0,0
chr3,1900001,2000000,100000,*,7,0,0
chr3,2000001,2100000,100000,*,12,0,0
chr3,2100001,2200000,100000,*,1,0,0
chr3,2200001,2300000,100000,*,8,0,0
chr3,2300001,2400000,100000,*,5,0,0
chr3,2400001,2500000,100000,*,1,0,0
chr3,2500001,2600000,100000,*,4,0,0
chr3,2600001,2700000,100000,*,6,0,0
chr3,2700001,2800000,100000,*,13,0,0
chr3,2800001,2900000,100000,*,6,0,0
chr3,2900001,3000000,100000,*,4,0,0
chr3,3000001,3100000,100000,*,5,0,0
chr3,3100001,3200000,100000,*,5,0,0
chr3,3200001,3300000,100000,*,2,0,0
chr3,3300001,3400000,100000,*,6,0,0
chr3,3400001,3500000,100000,*,2,0,0
chr3,3500001,3600000,100000,*,5,0,0
chr3,3600001,3700000,100000,*,12,0,0
chr3,3700001,3800000,100000,*,0,0,NA
chr3,3800001,3900000,100000,*,3,0,0
chr3,3900001,4000000,100000,*,9,0,0
chr3,4000001,4100000,100000,*,16,0,0
chr3,4100001,4200000,100000,*,10,0,0
chr3,4200001,4300000,100000,*,2,0,0
chr3,4300001,4400000,100000,*,6,0,0
chr3,4400001,4500000,100000,*,6,0,0
chr3,4500001,4600000,100000,*,2,0,0
chr3,4600001,4700000,100000,*,5,0,0
chr3,4700001,4800000,100000,*,0,0,NA
chr3,4800001,4900000,100000,*,0,0,NA
chr3,4900001,5000000,100000,*,6,0,0
chr3,5000001,5100000,100000,*,8,0,0
chr3,5100001,5200000,100000,*,6,0,0
chr3,5200001,5300000,100000,*,6,0,0
chr3,5300001,5400000,100000,*,0,0,NA
chr3,5400001,5500000,100000,*,8,0,0
chr3,5500001,5600000,100000,*,5,0,0
chr3,5600001,5700000,100000,*,4,0,0
chr3,5700001,5800000,100000,*,7,0,0
chr3,5800001,5900000,100000,*,3,0,0
chr3,5900001,6000000,100000,*,6,0,0
chr3,6000001,6100000,100000,*,5,0,0
chr3,6100001,6200000,100000,*,10,0,0
chr3,6200001,6300000,100000,*,4,0,0
chr3,6300001,6400000,100000,*,7,0,0
chr3,6400001,6500000,100000,*,10,0,0
chr3,6500001,6600000,100000,*,7,0,0
chr3,6600001,6700000,100000,*,4,0,0
chr3,6700001,6800000,100000,*,6,0,0
chr3,6800001,6900000,100000,*,8,0,0
chr3,6900001,7000000,100000,*,2,0,0
chr3,7000001,7100000,100000,*,7,0,0
chr3,7100001,7200000,100000,*,4,0,0
chr3,7200001,7300000,100000,*,7,0,0
chr3,7300001,7400000,100000,*,3,0,0
chr3,7400001,7500000,100000,*,6,0,0
chr3,7500001,7600000,100000,*,5,0,0
chr3,7600001,7700000,100000,*,5,0,0
chr3,7700001,7800000,100000,*,5,0,0
chr3,7800001,7900000,100000,*,5,0,0
chr3,7900001,8000000,100000,*,10,0,0
chr3,8000001,8100000,100000,*,7,0,0
chr3,8100001,8200000,100000,*,8,0,0
chr3,8200001,8300000,100000,*,6,0,0
chr3,8300001,8400000,100000,*,10,0,0
chr3,8400001,8500000,100000,*,9,0,0
chr3,8500001,8600000,100000,*,9,0,0
chr3,8600001,8700000,100000,*,2,0,0
chr3,8700001,8800000,100000,*,4,0,0
chr3,8800001,8900000,100000,*,2,0,0
chr3,8900001,9000000,100000,*,2,0,0
chr3,9000001,9100000,100000,*,4,0,0
chr3,9100001,9200000,100000,*,9,0,0
chr3,9200001,9300000,100000,*,8,0,0
chr3,9300001,9400000,100000,*,11,0,0
chr3,9400001,9500000,100000,*,10,0,0
chr3,9500001,9600000,100000,*,7,0,0
chr3,9600001,9700000,100000,*,5,0,0
chr3,9700001,9800000,100000,*,8,0,0
chr3,9800001,9900000,100000,*,7,0,0
chr3,9900001,10000000,100000,*,7,0,0
chr3,10000001,10100000,100000,*,6,0,0
chr3,10100001,10200000,100000,*,3,0,0
chr3,10200001,10300000,100000,*,5,0,0
chr3,10300001,10400000,100000,*,6,0,0
chr3,10400001,10500000,100000,*,10,0,0
chr3,10500001,10600000,100000,*,6,0,0
chr3,10600001,10700000,100000,*,8,0,0
chr3,10700001,10800000,100000,*,1,0,0
chr3,10800001,10900000,100000,*,8,0,0
chr3,10900001,11000000,100000,*,11,0,0
chr3,11000001,11100000,100000,*,7,0,0
chr3,11100001,11200000,100000,*,10,0,0
chr3,11200001,11300000,100000,*,3,0,0
chr3,11300001,11400000,100000,*,3,0,0
chr3,11400001,11500000,100000,*,7,0,0
chr3,11500001,11600000,100000,*,10,0,0
chr3,11600001,11700000,100000,*,6,0,0
chr3,11700001,11800000,100000,*,24,0,0
chr3,11800001,11900000,100000,*,4,0,0
chr3,11900001,12000000,100000,*,5,0,0
chr3,12000001,12100000,100000,*,7,0,0
chr3,12100001,12200000,100000,*,9,0,0
chr3,12200001,12300000,100000,*,3,0,0
chr3,12300001,12400000,100000,*,13,0,0
chr3,12400001,12500000,100000,*,7,0,0
chr3,12500001,12600000,100000,*,4,0,0
chr3,12600001,12700000,100000,*,17,0,0
chr3,12700001,12800000,100000,*,15,0,0
chr3,12800001,12900000,100000,*,20,0,0
chr3,12900001,13000000,100000,*,11,0,0
chr3,13000001,13100000,100000,*,13,0,0
chr3,13100001,13200000,100000,*,17,0,0
chr3,13200001,13300000,100000,*,5,0,0
chr3,13300001,13400000,100000,*,6,0,0
chr3,13400001,13500000,100000,*,4,0,0
chr3,13500001,13600000,100000,*,16,0,0
chr3,13600001,13700000,100000,*,5,0,0
chr3,13700001,13800000,100000,*,6,0,0
chr3,13800001,13900000,100000,*,7,0,0
chr3,13900001,14000000,100000,*,7,0,0
chr3,14000001,14100000,100000,*,9,0,0
chr3,14100001,14200000,100000,*,16,0,0
chr3,14200001,14300000,100000,*,13,0,0
chr3,14300001,14400000,100000,*,10,0,0
chr3,14400001,14500000,100000,*,10,0,0
chr3,14500001,14600000,100000,*,8,0,0
chr3,14600001,14700000,100000,*,8,0,0
chr3,14700001,14800000,100000,*,16,0,0
chr3,14800001,14900000,100000,*,13,0,0
chr3,14900001,15000000,100000,*,9,0,0
chr3,15000001,15100000,100000,*,11,0,0
chr3,15100001,15200000,100000,*,6,0,0
chr3,15200001,15300000,100000,*,15,0,0
chr3,15300001,15400000,100000,*,12,0,0
chr3,15400001,15500000,100000,*,10,0,0
chr3,15500001,15600000,100000,*,7,0,0
chr3,15600001,15700000,100000,*,11,0,0
chr3,15700001,15800000,100000,*,12,0,0
chr3,15800001,15900000,100000,*,8,0,0
chr3,15900001,16000000,100000,*,12,0,0
chr3,16000001,16100000,100000,*,8,0,0
chr3,16100001,16200000,100000,*,17,0,0
chr3,16200001,16300000,100000,*,12,0,0
chr3,16300001,16400000,100000,*,23,0,0
chr3,16400001,16500000,100000,*,18,0,0
chr3,16500001,16600000,100000,*,8,0,0
chr3,16600001,16700000,100000,*,19,0,0
chr3,16700001,16800000,100000,*,8,0,0
chr3,16800001,16900000,100000,*,6,0,0
chr3,16900001,17000000,100000,*,16,0,0
chr3,17000001,17100000,100000,*,7,0,0
chr3,17100001,17200000,100000,*,10,0,0
chr3,17200001,17300000,100000,*,5,0,0
chr3,17300001,17400000,100000,*,12,0,0
chr3,17400001,17500000,100000,*,19,0,0
chr3,17500001,17600000,100000,*,9,0,0
chr3,17600001,17700000,100000,*,4,0,0
chr3,17700001,17800000,100000,*,3,0,0
chr3,17800001,17900000,100000,*,9,0,0
chr3,17900001,18000000,100000,*,24,0,0
chr3,18000001,18100000,100000,*,7,0,0
chr3,18100001,18200000,100000,*,22,0,0
chr3,18200001,18300000,100000,*,26,0,0
chr3,18300001,18400000,100000,*,14,0,0
chr3,18400001,18500000,100000,*,24,0,0
chr3,18500001,18600000,100000,*,20,0,0
chr3,18600001,18700000,100000,*,25,0,0
chr3,18700001,18800000,100000,*,16,0,0
chr3,18800001,18900000,100000,*,9,0,0
chr3,18900001,19000000,100000,*,20,0,0
chr3,19000001,19100000,100000,*,19,0,0
chr3,19100001,19200000,100000,*,20,0,0
chr3,19200001,19300000,100000,*,11,0,0
chr3,19300001,19400000,100000,*,19,0,0
chr3,19400001,19500000,100000,*,11,0,0
chr3,19500001,19600000,100000,*,30,0,0
chr3,19600001,19700000,100000,*,11,0,0
chr3,19700001,19800000,100000,*,16,0,0
chr3,19800001,19900000,100000,*,26,0,0
chr3,19900001,20000000,100000,*,7,0,0
chr3,20000001,20100000,100000,*,17,0,0
chr3,20100001,20200000,100000,*,18,0,0
chr3,20200001,20300000,100000,*,10,0,0
chr3,20300001,20400000,100000,*,27,0,0
chr3,20400001,20500000,100000,*,17,0,0
chr3,20500001,20600000,100000,*,12,0,0
chr3,20600001,20700000,100000,*,5,0,0
chr3,20700001,20800000,100000,*,7,0,0
chr3,20800001,20900000,100000,*,15,0,0
chr3,20900001,21000000,100000,*,13,0,0
chr3,21000001,21100000,100000,*,12,0,0
chr3,21100001,21200000,100000,*,14,0,0
chr3,21200001,21300000,100000,*,5,0,0
chr3,21300001,21400000,100000,*,10,0,0
chr3,21400001,21500000,100000,*,13,0,0
chr3,21500001,21600000,100000,*,10,0,0
chr3,21600001,21700000,100000,*,5,0,0
chr3,21700001,21800000,100000,*,13,0,0
chr3,21800001,21900000,100000,*,5,0,0
chr3,21900001,22000000,100000,*,8,0,0
chr3,22000001,22100000,100000,*,10,0,0
chr3,22100001,22200000,100000,*,14,0,0
chr3,22200001,22300000,100000,*,13,0,0
chr3,22300001,22400000,100000,*,7,0,0
chr3,22400001,22500000,100000,*,6,0,0
chr3,22500001,22600000,100000,*,6,0,0
chr3,22600001,22700000,100000,*,11,0,0
chr3,22700001,22800000,100000,*,18,0,0
chr3,22800001,22900000,100000,*,10,0,0
chr3,22900001,23000000,100000,*,25,0,0
chr3,23000001,23100000,100000,*,9,0,0
chr3,23100001,23200000,100000,*,6,0,0
chr3,23200001,23300000,100000,*,9,0,0
chr3,23300001,23400000,100000,*,6,0,0
chr3,23400001,23500000,100000,*,9,0,0
chr3,23500001,23600000,100000,*,10,0,0
chr3,23600001,23700000,100000,*,9,0,0
chr3,23700001,23800000,100000,*,10,0,0
chr3,23800001,23900000,100000,*,17,0,0
chr3,23900001,24000000,100000,*,10,0,0
chr3,24000001,24100000,100000,*,7,0,0
chr3,24100001,24200000,100000,*,2,0,0
chr3,24200001,24300000,100000,*,11,0,0
chr3,24300001,24400000,100000,*,5,0,0
chr3,24400001,24500000,100000,*,13,0,0
chr3,24500001,24600000,100000,*,17,0,0
chr3,24600001,24700000,100000,*,16,0,0
chr3,24700001,24800000,100000,*,12,0,0
chr3,24800001,24900000,100000,*,2,0,0
chr3,24900001,25000000,100000,*,11,0,0
chr3,25000001,25100000,100000,*,10,0,0
chr3,25100001,25200000,100000,*,2,0,0
chr3,25200001,25300000,100000,*,18,0,0
chr3,25300001,25400000,100000,*,9,0,0
chr3,25400001,25500000,100000,*,14,0,0
chr3,25500001,25600000,100000,*,6,0,0
chr3,25600001,25700000,100000,*,10,0,0
chr3,25700001,25800000,100000,*,6,0,0
chr3,25800001,25900000,100000,*,9,0,0
chr3,25900001,26000000,100000,*,6,0,0
chr3,26000001,26100000,100000,*,8,0,0
chr3,26100001,26200000,100000,*,7,0,0
chr3,26200001,26300000,100000,*,9,0,0
chr3,26300001,26400000,100000,*,12,0,0
chr3,26400001,26500000,100000,*,23,0,0
chr3,26500001,26600000,100000,*,14,0,0
chr3,26600001,26700000,100000,*,0,0,NA
chr3,26700001,26800000,100000,*,0,0,NA
chr3,26800001,26900000,100000,*,3,0,0
chr3,26900001,27000000,100000,*,15,0,0
chr3,27000001,27100000,100000,*,11,0,0
chr3,27100001,27200000,100000,*,14,0,0
chr3,27200001,27300000,100000,*,10,0,0
chr3,27300001,27400000,100000,*,12,0,0
chr3,27400001,27500000,100000,*,13,0,0
chr3,27500001,27600000,100000,*,14,0,0
chr3,27600001,27700000,100000,*,2,0,0
chr3,27700001,27800000,100000,*,14,0,0
chr3,27800001,27900000,100000,*,16,0,0
chr3,27900001,28000000,100000,*,8,0,0
chr3,28000001,28100000,100000,*,5,0,0
chr3,28100001,28200000,100000,*,7,0,0
chr3,28200001,28300000,100000,*,7,0,0
chr3,28300001,28400000,100000,*,10,0,0
chr3,28400001,28500000,100000,*,11,0,0
chr3,28500001,28600000,100000,*,13,0,0
chr3,28600001,28700000,100000,*,11,0,0
chr3,28700001,28800000,100000,*,11,0,0
chr3,28800001,28900000,100000,*,3,0,0
chr3,28900001,29000000,100000,*,12,0,0
chr3,29000001,29100000,100000,*,7,0,0
chr3,29100001,29200000,100000,*,14,0,0
chr3,29200001,29300000,100000,*,29,0,0
chr3,29300001,29400000,100000,*,13,0,0
chr3,29400001,29500000,100000,*,16,0,0
chr3,29500001,29600000,100000,*,8,0,0
chr3,29600001,29700000,100000,*,7,0,0
chr3,29700001,29800000,100000,*,4,0,0
chr3,29800001,29900000,100000,*,9,0,0
chr3,29900001,30000000,100000,*,9,0,0
chr3,30000001,30100000,100000,*,14,0,0
chr3,30100001,30200000,100000,*,6,0,0
chr3,30200001,30300000,100000,*,0,0,NA
chr3,30300001,30400000,100000,*,8,0,0
chr3,30400001,30500000,100000,*,9,0,0
chr3,30500001,30600000,100000,*,6,0,0
chr3,30600001,30700000,100000,*,9,0,0
chr3,30700001,30800000,100000,*,3,0,0
chr3,30800001,30847184,47184,*,4,0,0
chr4,1,100000,100000,*,13,0,0
chr4,100001,200000,100000,*,11,0,0
chr4,200001,300000,100000,*,7,0,0
chr4,300001,400000,100000,*,9,0,0
chr4,400001,500000,100000,*,9,0,0
chr4,500001,600000,100000,*,12,0,0
chr4,600001,700000,100000,*,13,0,0
chr4,700001,800000,100000,*,10,0,0
chr4,800001,900000,100000,*,10,0,0
chr4,900001,1000000,100000,*,14,0,0
chr4,1000001,1100000,100000,*,9,0,0
chr4,1100001,1200000,100000,*,6,0,0
chr4,1200001,1300000,100000,*,9,0,0
chr4,1300001,1400000,100000,*,19,0,0
chr4,1400001,1500000,100000,*,16,0,0
chr4,1500001,1600000,100000,*,8,0,0
chr4,1600001,1700000,100000,*,10,0,0
chr4,1700001,1800000,100000,*,17,0,0
chr4,1800001,1900000,100000,*,15,0,0
chr4,1900001,2000000,100000,*,9,0,0
chr4,2000001,2100000,100000,*,17,0,0
chr4,2100001,2200000,100000,*,9,0,0
chr4,2200001,2300000,100000,*,14,0,0
chr4,2300001,2400000,100000,*,15,0,0
chr4,2400001,2500000,100000,*,11,0,0
chr4,2500001,2600000,100000,*,10,0,0
chr4,2600001,2700000,100000,*,10,0,0
chr4,2700001,2800000,100000,*,15,0,0
chr4,2800001,2900000,100000,*,9,0,0
chr4,2900001,3000000,100000,*,12,0,0
chr4,3000001,3100000,100000,*,11,0,0
chr4,3100001,3200000,100000,*,7,0,0
chr4,3200001,3300000,100000,*,9,0,0
chr4,3300001,3400000,100000,*,14,0,0
chr4,3400001,3500000,100000,*,19,0,0
chr4,3500001,3600000,100000,*,6,0,0
chr4,3600001,3700000,100000,*,16,0,0
chr4,3700001,3800000,100000,*,10,0,0
chr4,3800001,3900000,100000,*,15,0,0
chr4,3900001,4000000,100000,*,19,0,0
chr4,4000001,4100000,100000,*,13,0,0
chr4,4100001,4200000,100000,*,13,0,0
chr4,4200001,4300000,100000,*,11,0,0
chr4,4300001,4400000,100000,*,12,0,0
chr4,4400001,4500000,100000,*,13,0,0
chr4,4500001,4600000,100000,*,13,0,0
chr4,4600001,4700000,100000,*,16,0,0
chr4,4700001,4800000,100000,*,11,0,0
chr4,4800001,4900000,100000,*,13,0,0
chr4,4900001,5000000,100000,*,8,0,0
chr4,5000001,5100000,100000,*,8,0,0
chr4,5100001,5200000,100000,*,19,0,0
chr4,5200001,5300000,100000,*,20,0,0
chr4,5300001,5400000,100000,*,14,0,0
chr4,5400001,5500000,100000,*,6,0,0
chr4,5500001,5600000,100000,*,12,0,0
chr4,5600001,5700000,100000,*,16,0,0
chr4,5700001,5800000,100000,*,15,0,0
chr4,5800001,5900000,100000,*,14,0,0
chr4,5900001,6000000,100000,*,8,0,0
chr4,6000001,6100000,100000,*,7,0,0
chr4,6100001,6200000,100000,*,9,0,0
chr4,6200001,6300000,100000,*,5,0,0
chr4,6300001,6400000,100000,*,12,0,0
chr4,6400001,6500000,100000,*,10,0,0
chr4,6500001,6600000,100000,*,8,0,0
chr4,6600001,6700000,100000,*,9,0,0
chr4,6700001,6800000,100000,*,22,0,0
chr4,6800001,6900000,100000,*,13,0,0
chr4,6900001,7000000,100000,*,10,0,0
chr4,7000001,7100000,100000,*,8,0,0
chr4,7100001,7200000,100000,*,7,0,0
chr4,7200001,7300000,100000,*,8,0,0
chr4,7300001,7400000,100000,*,8,0,0
chr4,7400001,7500000,100000,*,3,0,0
chr4,7500001,7600000,100000,*,13,0,0
chr4,7600001,7700000,100000,*,18,0,0
chr4,7700001,7800000,100000,*,17,0,0
chr4,7800001,7900000,100000,*,16,0,0
chr4,7900001,8000000,100000,*,13,0,0
chr4,8000001,8100000,100000,*,11,0,0
chr4,8100001,8200000,100000,*,7,0,0
chr4,8200001,8300000,100000,*,6,0,0
chr4,8300001,8400000,100000,*,17,0,0
chr4,8400001,8500000,100000,*,13,0,0
chr4,8500001,8600000,100000,*,14,0,0
chr4,8600001,8700000,100000,*,10,0,0
chr4,8700001,8800000,100000,*,11,0,0
chr4,8800001,8900000,100000,*,12,0,0
chr4,8900001,9000000,100000,*,12,0,0
chr4,9000001,9100000,100000,*,13,0,0
chr4,9100001,9200000,100000,*,5,0,0
chr4,9200001,9300000,100000,*,6,0,0
chr4,9300001,9400000,100000,*,5,0,0
chr4,9400001,9500000,100000,*,4,0,0
chr4,9500001,9600000,100000,*,15,0,0
chr4,9600001,9700000,100000,*,7,0,0
chr4,9700001,9800000,100000,*,7,0,0
chr4,9800001,9900000,100000,*,21,0,0
chr4,9900001,10000000,100000,*,14,0,0
chr4,10000001,10100000,100000,*,21,0,0
chr4,10100001,10200000,100000,*,11,0,0
chr4,10200001,10300000,100000,*,18,0,0
chr4,10300001,10400000,100000,*,18,0,0
chr4,10400001,10500000,100000,*,31,0,0
chr4,10500001,10600000,100000,*,19,0,0
chr4,10600001,10700000,100000,*,14,0,0
chr4,10700001,10800000,100000,*,24,0,0
chr4,10800001,10900000,100000,*,15,0,0
chr4,10900001,11000000,100000,*,21,0,0
chr4,11000001,11100000,100000,*,17,0,0
chr4,11100001,11200000,100000,*,17,0,0
chr4,11200001,11300000,100000,*,14,0,0
chr4,11300001,11400000,100000,*,15,0,0
chr4,11400001,11500000,100000,*,13,0,0
chr4,11500001,11600000,100000,*,13,0,0
chr4,11600001,11700000,100000,*,17,0,0
chr4,11700001,11800000,100000,*,14,0,0
chr4,11800001,11900000,100000,*,19,0,0
chr4,11900001,12000000,100000,*,15,0,0
chr4,12000001,12100000,100000,*,8,0,0
chr4,12100001,12200000,100000,*,13,0,0
chr4,12200001,12300000,100000,*,11,0,0
chr4,12300001,12400000,100000,*,6,0,0
chr4,12400001,12500000,100000,*,1,0,0
chr4,12500001,12600000,100000,*,15,0,0
chr4,12600001,12700000,100000,*,11,0,0
chr4,12700001,12800000,100000,*,9,0,0
chr4,12800001,12900000,100000,*,2,0,0
chr4,12900001,13000000,100000,*,14,0,0
chr4,13000001,13100000,100000,*,6,0,0
chr4,13100001,13200000,100000,*,16,0,0
chr4,13200001,13300000,100000,*,6,0,0
chr4,13300001,13400000,100000,*,6,0,0
chr4,13400001,13500000,100000,*,14,0,0
chr4,13500001,13600000,100000,*,12,0,0
chr4,13600001,13700000,100000,*,8,0,0
chr4,13700001,13800000,100000,*,7,0,0
chr4,13800001,13900000,100000,*,9,0,0
chr4,13900001,14000000,100000,*,4,0,0
chr4,14000001,14100000,100000,*,13,0,0
chr4,14100001,14200000,100000,*,19,0,0
chr4,14200001,14300000,100000,*,14,0,0
chr4,14300001,14400000,100000,*,19,0,0
chr4,14400001,14500000,100000,*,15,0,0
chr4,14500001,14600000,100000,*,5,0,0
chr4,14600001,14700000,100000,*,5,0,0
chr4,14700001,14800000,100000,*,11,0,0
chr4,14800001,14900000,100000,*,5,0,0
chr4,14900001,15000000,100000,*,6,0,0
chr4,15000001,15100000,100000,*,11,0,0
chr4,15100001,15200000,100000,*,7,0,0
chr4,15200001,15300000,100000,*,10,0,0
chr4,15300001,15400000,100000,*,3,0,0
chr4,15400001,15500000,100000,*,2,0,0
chr4,15500001,15600000,100000,*,5,0,0
chr4,15600001,15700000,100000,*,10,0,0
chr4,15700001,15800000,100000,*,12,0,0
chr4,15800001,15900000,100000,*,1,0,0
chr4,15900001,16000000,100000,*,6,0,0
chr4,16000001,16100000,100000,*,11,0,0
chr4,16100001,16200000,100000,*,9,0,0
chr4,16200001,16300000,100000,*,7,0,0
chr4,16300001,16400000,100000,*,11,0,0
chr4,16400001,16500000,100000,*,18,0,0
chr4,16500001,16600000,100000,*,5,0,0
chr4,16600001,16700000,100000,*,12,0,0
chr4,16700001,16800000,100000,*,7,0,0
chr4,16800001,16900000,100000,*,10,0,0
chr4,16900001,17000000,100000,*,6,0,0
chr4,17000001,17100000,100000,*,13,0,0
chr4,17100001,17200000,100000,*,7,0,0
chr4,17200001,17300000,100000,*,4,0,0
chr4,17300001,17400000,100000,*,1,0,0
chr4,17400001,17500000,100000,*,7,0,0
chr4,17500001,17600000,100000,*,13,0,0
chr4,17600001,17700000,100000,*,12,0,0
chr4,17700001,17800000,100000,*,4,0,0
chr4,17800001,17900000,100000,*,3,0,0
chr4,17900001,18000000,100000,*,8,0,0
chr4,18000001,18100000,100000,*,5,0,0
chr4,18100001,18200000,100000,*,3,0,0
chr4,18200001,18300000,100000,*,11,0,0
chr4,18300001,18400000,100000,*,9,0,0
chr4,18400001,18500000,100000,*,5,0,0
chr4,18500001,18600000,100000,*,7,0,0
chr4,18600001,18700000,100000,*,8,0,0
chr4,18700001,18800000,100000,*,16,0,0
chr4,18800001,18900000,100000,*,8,0,0
chr4,18900001,19000000,100000,*,8,0,0
chr4,19000001,19100000,100000,*,6,0,0
chr4,19100001,19200000,100000,*,3,0,0
chr4,19200001,19300000,100000,*,7,0,0
chr4,19300001,19400000,100000,*,7,0,0
chr4,19400001,19500000,100000,*,10,0,0
chr4,19500001,19600000,100000,*,8,0,0
chr4,19600001,19700000,100000,*,4,0,0
chr4,19700001,19800000,100000,*,0,0,NA
chr4,19800001,19900000,100000,*,2,0,0
chr4,19900001,20000000,100000,*,10,0,0
chr4,20000001,20100000,100000,*,2,0,0
chr4,20100001,20200000,100000,*,2,0,0
chr4,20200001,20300000,100000,*,7,0,0
chr4,20300001,20400000,100000,*,4,0,0
chr4,20400001,20500000,100000,*,0,0,NA
chr4,20500001,20600000,100000,*,5,0,0
chr4,20600001,20700000,100000,*,11,0,0
chr4,20700001,20800000,100000,*,6,0,0
chr4,20800001,20900000,100000,*,7,0,0
chr4,20900001,21000000,100000,*,5,0,0
chr4,21000001,21100000,100000,*,8,0,0
chr4,21100001,21200000,100000,*,0,0,NA
chr4,21200001,21300000,100000,*,3,0,0
chr4,21300001,21400000,100000,*,6,0,0
chr4,21400001,21500000,100000,*,7,0,0
chr4,21500001,21600000,100000,*,5,0,0
chr4,21600001,21700000,100000,*,8,0,0
chr4,21700001,21800000,100000,*,14,0,0
chr4,21800001,21900000,100000,*,5,0,0
chr4,21900001,22000000,100000,*,10,0,0
chr4,22000001,22100000,100000,*,8,0,0
chr4,22100001,22200000,100000,*,6,0,0
chr4,22200001,22300000,100000,*,6,0,0
chr4,22300001,22400000,100000,*,4,0,0
chr4,22400001,22500000,100000,*,6,0,0
chr4,22500001,22600000,100000,*,4,0,0
chr4,22600001,22700000,100000,*,3,0,0
chr4,22700001,22800000,100000,*,7,0,0
chr4,22800001,22900000,100000,*,7,0,0
chr4,22900001,23000000,100000,*,6,0,0
chr4,23000001,23100000,100000,*,2,0,0
chr4,23100001,23200000,100000,*,8,0,0
chr4,23200001,23300000,100000,*,2,0,0
chr4,23300001,23400000,100000,*,4,0,0
chr4,23400001,23500000,100000,*,6,0,0
chr4,23500001,23600000,100000,*,4,0,0
chr4,23600001,23700000,100000,*,15,0,0
chr4,23700001,23800000,100000,*,10,0,0
chr4,23800001,23900000,100000,*,9,0,0
chr4,23900001,24000000,100000,*,18,0,0
chr4,24000001,24100000,100000,*,5,0,0
chr4,24100001,24200000,100000,*,5,0,0
chr4,24200001,24300000,100000,*,2,0,0
chr4,24300001,24400000,100000,*,8,0,0
chr4,24400001,24500000,100000,*,3,0,0
chr4,24500001,24600000,100000,*,4,0,0
chr4,24600001,24700000,100000,*,4,0,0
chr4,24700001,24800000,100000,*,6,0,0
chr4,24800001,24900000,100000,*,5,0,0
chr4,24900001,25000000,100000,*,7,0,0
chr4,25000001,25100000,100000,*,6,0,0
chr4,25100001,25200000,100000,*,3,0,0
chr4,25200001,25300000,100000,*,9,0,0
chr4,25300001,25400000,100000,*,5,0,0
chr4,25400001,25500000,100000,*,2,0,0
chr4,25500001,25600000,100000,*,7,0,0
chr4,25600001,25700000,100000,*,0,0,NA
chr4,25700001,25800000,100000,*,25,0,0
chr4,25800001,25900000,100000,*,4,0,0
chr4,25900001,26000000,100000,*,3,0,0
chr4,26000001,26100000,100000,*,2,0,0
chr4,26100001,26200000,100000,*,2,0,0
chr4,26200001,26300000,100000,*,3,0,0
chr4,26300001,26400000,100000,*,1,0,0
chr4,26400001,26500000,100000,*,4,0,0
chr4,26500001,26600000,100000,*,12,0,0
chr4,26600001,26700000,100000,*,9,0,0
chr4,26700001,26800000,100000,*,4,0,0
chr4,26800001,26900000,100000,*,9,0,0
chr4,26900001,27000000,100000,*,3,0,0
chr4,27000001,27100000,100000,*,2,0,0
chr4,27100001,27200000,100000,*,6,0,0
chr4,27200001,27260850,60850,*,4,0,0
chr5,1,100000,100000,*,7,0,0
chr5,100001,200000,100000,*,4,0,0
chr5,200001,300000,100000,*,6,0,0
chr5,300001,400000,100000,*,2,0,0
chr5,400001,500000,100000,*,5,0,0
chr5,500001,600000,100000,*,9,0,0
chr5,600001,700000,100000,*,6,0,0
chr5,700001,800000,100000,*,9,0,0
chr5,800001,900000,100000,*,7,0,0
chr5,900001,1000000,100000,*,10,0,0
chr5,1000001,1100000,100000,*,2,0,0
chr5,1100001,1200000,100000,*,7,0,0
chr5,1200001,1300000,100000,*,3,0,0
chr5,1300001,1400000,100000,*,7,0,0
chr5,1400001,1500000,100000,*,5,0,0
chr5,1500001,1600000,100000,*,17,0,0
chr5,1600001,1700000,100000,*,8,0,0
chr5,1700001,1800000,100000,*,4,0,0
chr5,1800001,1900000,100000,*,7,0,0
chr5,1900001,2000000,100000,*,2,0,0
chr5,2000001,2100000,100000,*,5,0,0
chr5,2100001,2200000,100000,*,9,0,0
chr5,2200001,2300000,100000,*,4,0,0
chr5,2300001,2400000,100000,*,6,0,0
chr5,2400001,2500000,100000,*,10,0,0
chr5,2500001,2600000,100000,*,11,0,0
chr5,2600001,2700000,100000,*,5,0,0
chr5,2700001,2800000,100000,*,4,0,0
chr5,2800001,2900000,100000,*,6,0,0
chr5,2900001,3000000,100000,*,3,0,0
chr5,3000001,3100000,100000,*,6,0,0
chr5,3100001,3200000,100000,*,7,0,0
chr5,3200001,3300000,100000,*,7,0,0
chr5,3300001,3400000,100000,*,11,0,0
chr5,3400001,3500000,100000,*,6,0,0
chr5,3500001,3600000,100000,*,3,0,0
chr5,3600001,3700000,100000,*,11,0,0
chr5,3700001,3800000,100000,*,5,0,0
chr5,3800001,3900000,100000,*,3,0,0
chr5,3900001,4000000,100000,*,5,0,0
chr5,4000001,4100000,100000,*,10,0,0
chr5,4100001,4200000,100000,*,12,0,0
chr5,4200001,4300000,100000,*,10,0,0
chr5,4300001,4400000,100000,*,5,0,0
chr5,4400001,4500000,100000,*,8,0,0
chr5,4500001,4600000,100000,*,5,0,0
chr5,4600001,4700000,100000,*,5,0,0
chr5,4700001,4800000,100000,*,8,0,0
chr5,4800001,4900000,100000,*,5,0,0
chr5,4900001,5000000,100000,*,6,0,0
chr5,5000001,5100000,100000,*,5,0,0
chr5,5100001,5200000,100000,*,4,0,0
chr5,5200001,5300000,100000,*,5,0,0
chr5,5300001,5400000,100000,*,16,0,0
chr5,5400001,5500000,100000,*,10,0,0
chr5,5500001,5600000,100000,*,12,0,0
chr5,5600001,5700000,100000,*,8,0,0
chr5,5700001,5800000,100000,*,14,0,0
chr5,5800001,5900000,100000,*,12,0,0
chr5,5900001,6000000,100000,*,2,0,0
chr5,6000001,6100000,100000,*,3,0,0
chr5,6100001,6200000,100000,*,13,0,0
chr5,6200001,6300000,100000,*,7,0,0
chr5,6300001,6400000,100000,*,12,0,0
chr5,6400001,6500000,100000,*,8,0,0
chr5,6500001,6600000,100000,*,8,0,0
chr5,6600001,6700000,100000,*,9,0,0
chr5,6700001,6800000,100000,*,10,0,0
chr5,6800001,6900000,100000,*,9,0,0
chr5,6900001,7000000,100000,*,3,0,0
chr5,7000001,7100000,100000,*,2,0,0
chr5,7100001,7200000,100000,*,13,0,0
chr5,7200001,7300000,100000,*,8,0,0
chr5,7300001,7400000,100000,*,12,0,0
chr5,7400001,7500000,100000,*,6,0,0
chr5,7500001,7600000,100000,*,7,0,0
chr5,7600001,7700000,100000,*,7,0,0
chr5,7700001,7800000,100000,*,12,0,0
chr5,7800001,7900000,100000,*,22,0,0
chr5,7900001,8000000,100000,*,23,0,0
chr5,8000001,8100000,100000,*,12,0,0
chr5,8100001,8200000,100000,*,13,0,0
chr5,8200001,8300000,100000,*,25,0,0
chr5,8300001,8400000,100000,*,16,0,0
chr5,8400001,8500000,100000,*,28,0,0
chr5,8500001,8600000,100000,*,12,0,0
chr5,8600001,8700000,100000,*,1,0,0
chr5,8700001,8800000,100000,*,0,0,NA
chr5,8800001,8900000,100000,*,0,0,NA
chr5,8900001,9000000,100000,*,3,0,0
chr5,9000001,9100000,100000,*,1,0,0
chr5,9100001,9200000,100000,*,3,0,0
chr5,9200001,9300000,100000,*,2,0,0
chr5,9300001,9400000,100000,*,18,0,0
chr5,9400001,9500000,100000,*,13,0,0
chr5,9500001,9600000,100000,*,20,0,0
chr5,9600001,9700000,100000,*,19,0,0
chr5,9700001,9800000,100000,*,24,0,0
chr5,9800001,9900000,100000,*,20,0,0
chr5,9900001,10000000,100000,*,15,0,0
chr5,10000001,10100000,100000,*,18,0,0
chr5,10100001,10200000,100000,*,23,0,0
chr5,10200001,10300000,100000,*,22,0,0
chr5,10300001,10400000,100000,*,24,0,0
chr5,10400001,10500000,100000,*,15,0,0
chr5,10500001,10600000,100000,*,10,0,0
chr5,10600001,10700000,100000,*,16,0,0
chr5,10700001,10800000,100000,*,27,0,0
chr5,10800001,10900000,100000,*,17,0,0
chr5,10900001,11000000,100000,*,7,0,0
chr5,11000001,11100000,100000,*,21,0,0
chr5,11100001,11200000,100000,*,6,0,0
chr5,11200001,11300000,100000,*,13,0,0
chr5,11300001,11400000,100000,*,12,0,0
chr5,11400001,11500000,100000,*,7,0,0
chr5,11500001,11600000,100000,*,6,0,0
chr5,11600001,11700000,100000,*,6,0,0
chr5,11700001,11800000,100000,*,9,0,0
chr5,11800001,11900000,100000,*,6,0,0
chr5,11900001,12000000,100000,*,7,0,0
chr5,12000001,12100000,100000,*,11,0,0
chr5,12100001,12200000,100000,*,7,0,0
chr5,12200001,12300000,100000,*,9,0,0
chr5,12300001,12400000,100000,*,3,0,0
chr5,12400001,12500000,100000,*,6,0,0
chr5,12500001,12600000,100000,*,6,0,0
chr5,12600001,12700000,100000,*,10,0,0
chr5,12700001,12800000,100000,*,5,0,0
chr5,12800001,12900000,100000,*,9,0,0
chr5,12900001,13000000,100000,*,8,0,0
chr5,13000001,13100000,100000,*,2,0,0
chr5,13100001,13200000,100000,*,7,0,0
chr5,13200001,13300000,100000,*,15,0,0
chr5,13300001,13400000,100000,*,9,0,0
chr5,13400001,13500000,100000,*,13,0,0
chr5,13500001,13600000,100000,*,6,0,0
chr5,13600001,13700000,100000,*,3,0,0
chr5,13700001,13800000,100000,*,4,0,0
chr5,13800001,13900000,100000,*,8,0,0
chr5,13900001,14000000,100000,*,11,0,0
chr5,14000001,14100000,100000,*,10,0,0
chr5,14100001,14200000,100000,*,8,0,0
chr5,14200001,14300000,100000,*,8,0,0
chr5,14300001,14400000,100000,*,5,0,0
chr5,14400001,14500000,100000,*,5,0,0
chr5,14500001,14600000,100000,*,7,0,0
chr5,14600001,14700000,100000,*,9,0,0
chr5,14700001,14800000,100000,*,9,0,0
chr5,14800001,14900000,100000,*,8,0,0
chr5,14900001,15000000,100000,*,7,0,0
chr5,15000001,15100000,100000,*,12,0,0
chr5,15100001,15200000,100000,*,19,0,0
chr5,15200001,15300000,100000,*,12,0,0
chr5,15300001,15400000,100000,*,11,0,0
chr5,15400001,15500000,100000,*,8,0,0
chr5,15500001,15600000,100000,*,12,0,0
chr5,15600001,15700000,100000,*,8,0,0
chr5,15700001,15800000,100000,*,5,0,0
chr5,15800001,15900000,100000,*,4,0,0
chr5,15900001,16000000,100000,*,10,0,0
chr5,16000001,16100000,100000,*,12,0,0
chr5,16100001,16200000,100000,*,10,0,0
chr5,16200001,16300000,100000,*,19,0,0
chr5,16300001,16400000,100000,*,7,0,0
chr5,16400001,16500000,100000,*,13,0,0
chr5,16500001,16600000,100000,*,13,0,0
chr5,16600001,16700000,100000,*,8,0,0
chr5,16700001,16800000,100000,*,10,0,0
chr5,16800001,16900000,100000,*,7,0,0
chr5,16900001,17000000,100000,*,4,0,0
chr5,17000001,17100000,100000,*,5,0,0
chr5,17100001,17200000,100000,*,14,0,0
chr5,17200001,17300000,100000,*,10,0,0
chr5,17300001,17400000,100000,*,7,0,0
chr5,17400001,17500000,100000,*,10,0,0
chr5,17500001,17600000,100000,*,6,0,0
chr5,17600001,17700000,100000,*,12,0,0
chr5,17700001,17800000,100000,*,16,0,0
chr5,17800001,17900000,100000,*,4,0,0
chr5,17900001,18000000,100000,*,8,0,0
chr5,18000001,18100000,100000,*,8,0,0
chr5,18100001,18200000,100000,*,13,0,0
chr5,18200001,18300000,100000,*,0,0,NA
chr5,18300001,18400000,100000,*,13,0,0
chr5,18400001,18500000,100000,*,14,0,0
chr5,18500001,18600000,100000,*,14,0,0
chr5,18600001,18700000,100000,*,3,0,0
chr5,18700001,18800000,100000,*,5,0,0
chr5,18800001,18900000,100000,*,1,0,0
chr5,18900001,19000000,100000,*,4,0,0
chr5,19000001,19100000,100000,*,10,0,0
chr5,19100001,19200000,100000,*,8,0,0
chr5,19200001,19300000,100000,*,8,0,0
chr5,19300001,19400000,100000,*,18,0,0
chr5,19400001,19500000,100000,*,2,0,0
chr5,19500001,19600000,100000,*,8,0,0
chr5,19600001,19700000,100000,*,4,0,0
chr5,19700001,19800000,100000,*,4,0,0
chr5,19800001,19900000,100000,*,5,0,0
chr5,19900001,20000000,100000,*,4,0,0
chr5,20000001,20100000,100000,*,7,0,0
chr5,20100001,20200000,100000,*,2,0,0
chr5,20200001,20300000,100000,*,7,0,0
chr5,20300001,20400000,100000,*,8,0,0
chr5,20400001,20500000,100000,*,4,0,0
chr5,20500001,20600000,100000,*,4,0,0
chr5,20600001,20700000,100000,*,6,0,0
chr5,20700001,20800000,100000,*,4,0,0
chr5,20800001,20900000,100000,*,3,0,0
chr5,20900001,21000000,100000,*,8,0,0
chr5,21000001,21100000,100000,*,4,0,0
chr5,21100001,21200000,100000,*,6,0,0
chr5,21200001,21300000,100000,*,5,0,0
chr5,21300001,21400000,100000,*,3,0,0
chr5,21400001,21500000,100000,*,7,0,0
chr5,21500001,21600000,100000,*,6,0,0
chr5,21600001,21700000,100000,*,9,0,0
chr5,21700001,21800000,100000,*,9,0,0
chr5,21800001,21900000,100000,*,3,0,0
chr5,21900001,22000000,100000,*,9,0,0
chr5,22000001,22100000,100000,*,6,0,0
chr5,22100001,22200000,100000,*,3,0,0
chr5,22200001,22300000,100000,*,7,0,0
chr5,22300001,22400000,100000,*,5,0,0
chr5,22400001,22500000,100000,*,6,0,0
chr5,22500001,22600000,100000,*,10,0,0
chr5,22600001,22700000,100000,*,4,0,0
chr5,22700001,22800000,100000,*,3,0,0
chr5,22800001,22900000,100000,*,7,0,0
chr5,22900001,23000000,100000,*,9,0,0
chr5,23000001,23100000,100000,*,7,0,0
chr5,23100001,23200000,100000,*,6,0,0
chr5,23200001,23300000,100000,*,4,0,0
chr5,23300001,23400000,100000,*,6,0,0
chr5,23400001,23500000,100000,*,12,0,0
chr5,23500001,23600000,100000,*,4,0,0
chr5,23600001,23700000,100000,*,3,0,0
chr5,23700001,23800000,100000,*,3,0,0
chr5,23800001,23900000,100000,*,0,0,NA
chr5,23900001,24000000,100000,*,6,0,0
chr5,24000001,24100000,100000,*,10,0,0
chr5,24100001,24200000,100000,*,11,0,0
chr5,24200001,24300000,100000,*,3,0,0
chr5,24300001,24400000,100000,*,0,0,NA
chr5,24400001,24500000,100000,*,1,0,0
chr5,24500001,24600000,100000,*,9,0,0
chr5,24600001,24700000,100000,*,3,0,0
chr5,24700001,24800000,100000,*,6,0,0
chr5,24800001,24900000,100000,*,9,0,0
chr5,24900001,25000000,100000,*,8,0,0
chr5,25000001,25100000,100000,*,3,0,0
chr5,25100001,25200000,100000,*,6,0,0
chr5,25200001,25233939,33939,*,3,0,0
chr6,1,100000,100000,*,11,0,0
chr6,100001,200000,100000,*,9,0,0
chr6,200001,300000,100000,*,9,0,0
chr6,300001,400000,100000,*,1,0,0
chr6,400001,500000,100000,*,10,0,0
chr6,500001,600000,100000,*,6,0,0
chr6,600001,700000,100000,*,4,0,0
chr6,700001,800000,100000,*,7,0,0
chr6,800001,900000,100000,*,7,0,0
chr6,900001,1000000,100000,*,4,0,0
chr6,1000001,1100000,100000,*,4,0,0
chr6,1100001,1200000,100000,*,10,0,0
chr6,1200001,1300000,100000,*,6,0,0
chr6,1300001,1400000,100000,*,2,0,0
chr6,1400001,1500000,100000,*,6,0,0
chr6,1500001,1600000,100000,*,1,0,0
chr6,1600001,1700000,100000,*,9,0,0
chr6,1700001,1800000,100000,*,8,0,0
chr6,1800001,1900000,100000,*,4,0,0
chr6,1900001,2000000,100000,*,9,0,0
chr6,2000001,2100000,100000,*,8,0,0
chr6,2100001,2200000,100000,*,4,0,0
chr6,2200001,2300000,100000,*,3,0,0
chr6,2300001,2400000,100000,*,4,0,0
chr6,2400001,2500000,100000,*,5,0,0
chr6,2500001,2600000,100000,*,3,0,0
chr6,2600001,2700000,100000,*,6,0,0
chr6,2700001,2800000,100000,*,4,0,0
chr6,2800001,2900000,100000,*,8,0,0
chr6,2900001,3000000,100000,*,6,0,0
chr6,3000001,3100000,100000,*,3,0,0
chr6,3100001,3200000,100000,*,4,0,0
chr6,3200001,3300000,100000,*,3,0,0
chr6,3300001,3400000,100000,*,5,0,0
chr6,3400001,3500000,100000,*,4,0,0
chr6,3500001,3600000,100000,*,2,0,0
chr6,3600001,3700000,100000,*,9,0,0
chr6,3700001,3800000,100000,*,7,0,0
chr6,3800001,3900000,100000,*,3,0,0
chr6,3900001,4000000,100000,*,4,0,0
chr6,4000001,4100000,100000,*,5,0,0
chr6,4100001,4200000,100000,*,4,0,0
chr6,4200001,4300000,100000,*,5,0,0
chr6,4300001,4400000,100000,*,9,0,0
chr6,4400001,4500000,100000,*,3,0,0
chr6,4500001,4600000,100000,*,4,0,0
chr6,4600001,4700000,100000,*,3,0,0
chr6,4700001,4800000,100000,*,9,0,0
chr6,4800001,4900000,100000,*,6,0,0
chr6,4900001,5000000,100000,*,8,0,0
chr6,5000001,5100000,100000,*,2,0,0
chr6,5100001,5200000,100000,*,3,0,0
chr6,5200001,5300000,100000,*,3,0,0
chr6,5300001,5400000,100000,*,5,0,0
chr6,5400001,5500000,100000,*,6,0,0
chr6,5500001,5600000,100000,*,4,0,0
chr6,5600001,5700000,100000,*,4,0,0
chr6,5700001,5800000,100000,*,9,0,0
chr6,5800001,5900000,100000,*,7,0,0
chr6,5900001,6000000,100000,*,4,0,0
chr6,6000001,6100000,100000,*,4,0,0
chr6,6100001,6200000,100000,*,5,0,0
chr6,6200001,6300000,100000,*,8,0,0
chr6,6300001,6400000,100000,*,5,0,0
chr6,6400001,6500000,100000,*,9,0,0
chr6,6500001,6600000,100000,*,8,0,0
chr6,6600001,6700000,100000,*,13,0,0
chr6,6700001,6800000,100000,*,9,0,0
chr6,6800001,6900000,100000,*,12,0,0
chr6,6900001,7000000,100000,*,15,0,0
chr6,7000001,7100000,100000,*,28,0,0
chr6,7100001,7200000,100000,*,10,0,0
chr6,7200001,7300000,100000,*,14,0,0
chr6,7300001,7400000,100000,*,7,0,0
chr6,7400001,7500000,100000,*,12,0,0
chr6,7500001,7600000,100000,*,13,0,0
chr6,7600001,7700000,100000,*,10,0,0
chr6,7700001,7800000,100000,*,6,0,0
chr6,7800001,7900000,100000,*,11,0,0
chr6,7900001,8000000,100000,*,0,0,NA
chr6,8000001,8100000,100000,*,9,0,0
chr6,8100001,8200000,100000,*,4,0,0
chr6,8200001,8300000,100000,*,9,0,0
chr6,8300001,8400000,100000,*,15,0,0
chr6,8400001,8500000,100000,*,9,0,0
chr6,8500001,8600000,100000,*,10,0,0
chr6,8600001,8700000,100000,*,23,0,0
chr6,8700001,8800000,100000,*,13,0,0
chr6,8800001,8900000,100000,*,9,0,0
chr6,8900001,9000000,100000,*,11,0,0
chr6,9000001,9100000,100000,*,14,0,0
chr6,9100001,9200000,100000,*,13,0,0
chr6,9200001,9300000,100000,*,7,0,0
chr6,9300001,9400000,100000,*,18,0,0
chr6,9400001,9500000,100000,*,18,0,0
chr6,9500001,9600000,100000,*,8,0,0
chr6,9600001,9700000,100000,*,5,0,0
chr6,9700001,9800000,100000,*,5,0,0
chr6,9800001,9900000,100000,*,7,0,0
chr6,9900001,10000000,100000,*,4,0,0
chr6,10000001,10100000,100000,*,10,0,0
chr6,10100001,10200000,100000,*,4,0,0
chr6,10200001,10300000,100000,*,8,0,0
chr6,10300001,10400000,100000,*,7,0,0
chr6,10400001,10500000,100000,*,9,0,0
chr6,10500001,10600000,100000,*,6,0,0
chr6,10600001,10700000,100000,*,9,0,0
chr6,10700001,10800000,100000,*,12,0,0
chr6,10800001,10900000,100000,*,5,0,0
chr6,10900001,11000000,100000,*,6,0,0
chr6,11000001,11100000,100000,*,14,0,0
chr6,11100001,11200000,100000,*,9,0,0
chr6,11200001,11300000,100000,*,6,0,0
chr6,11300001,11400000,100000,*,12,0,0
chr6,11400001,11500000,100000,*,8,0,0
chr6,11500001,11600000,100000,*,8,0,0
chr6,11600001,11700000,100000,*,9,0,0
chr6,11700001,11800000,100000,*,11,0,0
chr6,11800001,11900000,100000,*,0,0,NA
chr6,11900001,12000000,100000,*,2,0,0
chr6,12000001,12100000,100000,*,15,0,0
chr6,12100001,12200000,100000,*,8,0,0
chr6,12200001,12300000,100000,*,8,0,0
chr6,12300001,12400000,100000,*,10,0,0
chr6,12400001,12500000,100000,*,5,0,0
chr6,12500001,12600000,100000,*,10,0,0
chr6,12600001,12700000,100000,*,9,0,0
chr6,12700001,12800000,100000,*,17,0,0
chr6,12800001,12900000,100000,*,10,0,0
chr6,12900001,13000000,100000,*,15,0,0
chr6,13000001,13100000,100000,*,26,0,0
chr6,13100001,13200000,100000,*,12,0,0
chr6,13200001,13300000,100000,*,16,0,0
chr6,13300001,13400000,100000,*,14,0,0
chr6,13400001,13500000,100000,*,18,0,0
chr6,13500001,13600000,100000,*,11,0,0
chr6,13600001,13700000,100000,*,21,0,0
chr6,13700001,13800000,100000,*,14,0,0
chr6,13800001,13900000,100000,*,11,0,0
chr6,13900001,14000000,100000,*,15,0,0
chr6,14000001,14100000,100000,*,8,0,0
chr6,14100001,14200000,100000,*,14,0,0
chr6,14200001,14300000,100000,*,8,0,0
chr6,14300001,14400000,100000,*,15,0,0
chr6,14400001,14500000,100000,*,7,0,0
chr6,14500001,14600000,100000,*,20,0,0
chr6,14600001,14700000,100000,*,16,0,0
chr6,14700001,14800000,100000,*,19,0,0
chr6,14800001,14900000,100000,*,13,0,0
chr6,14900001,15000000,100000,*,21,0,0
chr6,15000001,15100000,100000,*,15,0,0
chr6,15100001,15200000,100000,*,14,0,0
chr6,15200001,15300000,100000,*,20,0,0
chr6,15300001,15400000,100000,*,20,0,0
chr6,15400001,15500000,100000,*,16,0,0
chr6,15500001,15600000,100000,*,21,0,0
chr6,15600001,15700000,100000,*,10,0,0
chr6,15700001,15800000,100000,*,14,0,0
chr6,15800001,15900000,100000,*,4,0,0
chr6,15900001,16000000,100000,*,19,0,0
chr6,16000001,16100000,100000,*,7,0,0
chr6,16100001,16200000,100000,*,12,0,0
chr6,16200001,16300000,100000,*,7,0,0
chr6,16300001,16400000,100000,*,10,0,0
chr6,16400001,16500000,100000,*,10,0,0
chr6,16500001,16600000,100000,*,1,0,0
chr6,16600001,16700000,100000,*,14,0,0
chr6,16700001,16800000,100000,*,12,0,0
chr6,16800001,16900000,100000,*,16,0,0
chr6,16900001,17000000,100000,*,10,0,0
chr6,17000001,17100000,100000,*,6,0,0
chr6,17100001,17200000,100000,*,7,0,0
chr6,17200001,17300000,100000,*,16,0,0
chr6,17300001,17400000,100000,*,15,0,0
chr6,17400001,17500000,100000,*,15,0,0
chr6,17500001,17600000,100000,*,16,0,0
chr6,17600001,17700000,100000,*,11,0,0
chr6,17700001,17800000,100000,*,9,0,0
chr6,17800001,17900000,100000,*,7,0,0
chr6,17900001,18000000,100000,*,5,0,0
chr6,18000001,18100000,100000,*,10,0,0
chr6,18100001,18200000,100000,*,10,0,0
chr6,18200001,18300000,100000,*,7,0,0
chr6,18300001,18400000,100000,*,13,0,0
chr6,18400001,18500000,100000,*,7,0,0
chr6,18500001,18600000,100000,*,10,0,0
chr6,18600001,18700000,100000,*,8,0,0
chr6,18700001,18800000,100000,*,10,0,0
chr6,18800001,18900000,100000,*,11,0,0
chr6,18900001,19000000,100000,*,9,0,0
chr6,19000001,19100000,100000,*,16,0,0
chr6,19100001,19200000,100000,*,11,0,0
chr6,19200001,19300000,100000,*,17,0,0
chr6,19300001,19400000,100000,*,14,0,0
chr6,19400001,19500000,100000,*,5,0,0
chr6,19500001,19600000,100000,*,13,0,0
chr6,19600001,19700000,100000,*,4,0,0
chr6,19700001,19800000,100000,*,4,0,0
chr6,19800001,19900000,100000,*,16,0,0
chr6,19900001,20000000,100000,*,14,0,0
chr6,20000001,20100000,100000,*,5,0,0
chr6,20100001,20200000,100000,*,12,0,0
chr6,20200001,20300000,100000,*,17,0,0
chr6,20300001,20400000,100000,*,22,0,0
chr6,20400001,20500000,100000,*,18,0,0
chr6,20500001,20600000,100000,*,22,0,0
chr6,20600001,20700000,100000,*,8,0,0
chr6,20700001,20800000,100000,*,8,0,0
chr6,20800001,20900000,100000,*,11,0,0
chr6,20900001,21000000,100000,*,12,0,0
chr6,21000001,21100000,100000,*,4,0,0
chr6,21100001,21200000,100000,*,6,0,0
chr6,21200001,21300000,100000,*,10,0,0
chr6,21300001,21400000,100000,*,12,0,0
chr6,21400001,21500000,100000,*,11,0,0
chr6,21500001,21600000,100000,*,28,0,0
chr6,21600001,21700000,100000,*,3,0,0
chr6,21700001,21800000,100000,*,4,0,0
chr6,21800001,21900000,100000,*,25,0,0
chr6,21900001,22000000,100000,*,26,0,0
chr6,22000001,22100000,100000,*,11,0,0
chr6,22100001,22200000,100000,*,10,0,0
chr6,22200001,22300000,100000,*,8,0,0
chr6,22300001,22400000,100000,*,12,0,0
chr6,22400001,22500000,100000,*,12,0,0
chr6,22500001,22600000,100000,*,6,0,0
chr6,22600001,22700000,100000,*,7,0,0
chr6,22700001,22800000,100000,*,8,0,0
chr6,22800001,22900000,100000,*,10,0,0
chr6,22900001,23000000,100000,*,4,0,0
chr6,23000001,23100000,100000,*,15,0,0
chr6,23100001,23200000,100000,*,9,0,0
chr6,23200001,23300000,100000,*,7,0,0
chr6,23300001,23400000,100000,*,13,0,0
chr6,23400001,23500000,100000,*,12,0,0
chr6,23500001,23600000,100000,*,4,0,0
chr6,23600001,23700000,100000,*,4,0,0
chr6,23700001,23800000,100000,*,6,0,0
chr6,23800001,23900000,100000,*,3,0,0
chr6,23900001,24000000,100000,*,7,0,0
chr6,24000001,24100000,100000,*,14,0,0
chr6,24100001,24200000,100000,*,6,0,0
chr6,24200001,24300000,100000,*,6,0,0
chr6,24300001,24400000,100000,*,5,0,0
chr6,24400001,24500000,100000,*,10,0,0
chr6,24500001,24600000,100000,*,22,0,0
chr6,24600001,24700000,100000,*,5,0,0
chr6,24700001,24800000,100000,*,15,0,0
chr6,24800001,24900000,100000,*,6,0,0
chr6,24900001,25000000,100000,*,11,0,0
chr6,25000001,25100000,100000,*,11,0,0
chr6,25100001,25200000,100000,*,6,0,0
chr6,25200001,25300000,100000,*,1,0,0
chr6,25300001,25400000,100000,*,3,0,0
chr6,25400001,25500000,100000,*,14,0,0
chr6,25500001,25600000,100000,*,7,0,0
chr6,25600001,25700000,100000,*,14,0,0
chr6,25700001,25800000,100000,*,14,0,0
chr6,25800001,25900000,100000,*,12,0,0
chr6,25900001,26000000,100000,*,20,0,0
chr6,26000001,26100000,100000,*,7,0,0
chr6,26100001,26200000,100000,*,4,0,0
chr6,26200001,26300000,100000,*,5,0,0
chr6,26300001,26400000,100000,*,14,0,0
chr6,26400001,26500000,100000,*,5,0,0
chr6,26500001,26600000,100000,*,4,0,0
chr6,26600001,26700000,100000,*,3,0,0
chr6,26700001,26800000,100000,*,5,0,0
chr6,26800001,26900000,100000,*,9,0,0
chr6,26900001,27000000,100000,*,5,0,0
chr6,27000001,27100000,100000,*,3,0,0
chr6,27100001,27200000,100000,*,6,0,0
chr6,27200001,27300000,100000,*,7,0,0
chr6,27300001,27400000,100000,*,12,0,0
chr6,27400001,27500000,100000,*,5,0,0
chr6,27500001,27600000,100000,*,5,0,0
chr6,27600001,27700000,100000,*,9,0,0
chr6,27700001,27800000,100000,*,9,0,0
chr6,27800001,27900000,100000,*,2,0,0
chr6,27900001,28000000,100000,*,7,0,0
chr6,28000001,28041738,41738,*,2,0,0
chr7,1,100000,100000,*,7,0,0
chr7,100001,200000,100000,*,3,0,0
chr7,200001,300000,100000,*,10,0,0
chr7,300001,400000,100000,*,11,0,0
chr7,400001,500000,100000,*,3,0,0
chr7,500001,600000,100000,*,5,0,0
chr7,600001,700000,100000,*,4,0,0
chr7,700001,800000,100000,*,3,0,0
chr7,800001,900000,100000,*,8,0,0
chr7,900001,1000000,100000,*,0,0,NA
chr7,1000001,1100000,100000,*,2,0,0
chr7,1100001,1200000,100000,*,7,0,0
chr7,1200001,1300000,100000,*,13,0,0
chr7,1300001,1400000,100000,*,4,0,0
chr7,1400001,1500000,100000,*,2,0,0
chr7,1500001,1600000,100000,*,5,0,0
chr7,1600001,1700000,100000,*,5,0,0
chr7,1700001,1800000,100000,*,9,0,0
chr7,1800001,1900000,100000,*,11,0,0
chr7,1900001,2000000,100000,*,11,0,0
chr7,2000001,2100000,100000,*,6,0,0
chr7,2100001,2200000,100000,*,13,0,0
chr7,2200001,2300000,100000,*,9,0,0
chr7,2300001,2400000,100000,*,9,0,0
chr7,2400001,2500000,100000,*,7,0,0
chr7,2500001,2600000,100000,*,9,0,0
chr7,2600001,2700000,100000,*,12,0,0
chr7,2700001,2800000,100000,*,7,0,0
chr7,2800001,2900000,100000,*,12,0,0
chr7,2900001,3000000,100000,*,15,0,0
chr7,3000001,3100000,100000,*,18,0,0
chr7,3100001,3200000,100000,*,35,0,0
chr7,3200001,3300000,100000,*,37,0,0
chr7,3300001,3400000,100000,*,26,0,0
chr7,3400001,3500000,100000,*,11,0,0
chr7,3500001,3600000,100000,*,10,0,0
chr7,3600001,3700000,100000,*,8,0,0
chr7,3700001,3800000,100000,*,9,0,0
chr7,3800001,3900000,100000,*,13,0,0
chr7,3900001,4000000,100000,*,5,0,0
chr7,4000001,4100000,100000,*,3,0,0
chr7,4100001,4200000,100000,*,1,0,0
chr7,4200001,4300000,100000,*,11,0,0
chr7,4300001,4400000,100000,*,9,0,0
chr7,4400001,4500000,100000,*,5,0,0
chr7,4500001,4600000,100000,*,2,0,0
chr7,4600001,4700000,100000,*,9,0,0
chr7,4700001,4800000,100000,*,15,0,0
chr7,4800001,4900000,100000,*,4,0,0
chr7,4900001,5000000,100000,*,4,0,0
chr7,5000001,5100000,100000,*,13,0,0
chr7,5100001,5200000,100000,*,5,0,0
chr7,5200001,5300000,100000,*,3,0,0
chr7,5300001,5400000,100000,*,14,0,0
chr7,5400001,5500000,100000,*,2,0,0
chr7,5500001,5600000,100000,*,3,0,0
chr7,5600001,5700000,100000,*,11,0,0
chr7,5700001,5800000,100000,*,11,0,0
chr7,5800001,5900000,100000,*,12,0,0
chr7,5900001,6000000,100000,*,2,0,0
chr7,6000001,6100000,100000,*,13,0,0
chr7,6100001,6200000,100000,*,11,0,0
chr7,6200001,6300000,100000,*,6,0,0
chr7,6300001,6400000,100000,*,2,0,0
chr7,6400001,6500000,100000,*,5,0,0
chr7,6500001,6600000,100000,*,10,0,0
chr7,6600001,6700000,100000,*,27,0,0
chr7,6700001,6800000,100000,*,10,0,0
chr7,6800001,6900000,100000,*,4,0,0
chr7,6900001,7000000,100000,*,7,0,0
chr7,7000001,7100000,100000,*,10,0,0
chr7,7100001,7200000,100000,*,4,0,0
chr7,7200001,7300000,100000,*,3,0,0
chr7,7300001,7400000,100000,*,0,0,NA
chr7,7400001,7500000,100000,*,9,0,0
chr7,7500001,7600000,100000,*,6,0,0
chr7,7600001,7700000,100000,*,8,0,0
chr7,7700001,7800000,100000,*,3,0,0
chr7,7800001,7900000,100000,*,5,0,0
chr7,7900001,8000000,100000,*,11,0,0
chr7,8000001,8100000,100000,*,7,0,0
chr7,8100001,8200000,100000,*,6,0,0
chr7,8200001,8300000,100000,*,6,0,0
chr7,8300001,8400000,100000,*,5,0,0
chr7,8400001,8500000,100000,*,5,0,0
chr7,8500001,8600000,100000,*,8,0,0
chr7,8600001,8700000,100000,*,4,0,0
chr7,8700001,8800000,100000,*,6,0,0
chr7,8800001,8900000,100000,*,5,0,0
chr7,8900001,9000000,100000,*,8,0,0
chr7,9000001,9100000,100000,*,1,0,0
chr7,9100001,9200000,100000,*,8,0,0
chr7,9200001,9300000,100000,*,5,0,0
chr7,9300001,9400000,100000,*,8,0,0
chr7,9400001,9500000,100000,*,7,0,0
chr7,9500001,9600000,100000,*,6,0,0
chr7,9600001,9700000,100000,*,8,0,0
chr7,9700001,9800000,100000,*,5,0,0
chr7,9800001,9900000,100000,*,8,0,0
chr7,9900001,10000000,100000,*,7,0,0
chr7,10000001,10100000,100000,*,10,0,0
chr7,10100001,10200000,100000,*,7,0,0
chr7,10200001,10300000,100000,*,5,0,0
chr7,10300001,10400000,100000,*,4,0,0
chr7,10400001,10500000,100000,*,3,0,0
chr7,10500001,10600000,100000,*,3,0,0
chr7,10600001,10700000,100000,*,6,0,0
chr7,10700001,10800000,100000,*,5,0,0
chr7,10800001,10900000,100000,*,3,0,0
chr7,10900001,11000000,100000,*,4,0,0
chr7,11000001,11100000,100000,*,22,0,0
chr7,11100001,11200000,100000,*,8,0,0
chr7,11200001,11300000,100000,*,5,0,0
chr7,11300001,11400000,100000,*,4,0,0
chr7,11400001,11500000,100000,*,6,0,0
chr7,11500001,11600000,100000,*,8,0,0
chr7,11600001,11700000,100000,*,5,0,0
chr7,11700001,11800000,100000,*,2,0,0
chr7,11800001,11900000,100000,*,8,0,0
chr7,11900001,12000000,100000,*,5,0,0
chr7,12000001,12100000,100000,*,7,0,0
chr7,12100001,12200000,100000,*,8,0,0
chr7,12200001,12300000,100000,*,5,0,0
chr7,12300001,12400000,100000,*,7,0,0
chr7,12400001,12500000,100000,*,3,0,0
chr7,12500001,12600000,100000,*,12,0,0
chr7,12600001,12700000,100000,*,5,0,0
chr7,12700001,12800000,100000,*,3,0,0
chr7,12800001,12900000,100000,*,11,0,0
chr7,12900001,13000000,100000,*,9,0,0
chr7,13000001,13100000,100000,*,16,0,0
chr7,13100001,13200000,100000,*,5,0,0
chr7,13200001,13300000,100000,*,1,0,0
chr7,13300001,13400000,100000,*,8,0,0
chr7,13400001,13500000,100000,*,10,0,0
chr7,13500001,13600000,100000,*,4,0,0
chr7,13600001,13700000,100000,*,6,0,0
chr7,13700001,13800000,100000,*,6,0,0
chr7,13800001,13900000,100000,*,7,0,0
chr7,13900001,14000000,100000,*,6,0,0
chr7,14000001,14100000,100000,*,29,0,0
chr7,14100001,14200000,100000,*,6,0,0
chr7,14200001,14300000,100000,*,8,0,0
chr7,14300001,14400000,100000,*,6,0,0
chr7,14400001,14500000,100000,*,7,0,0
chr7,14500001,14600000,100000,*,8,0,0
chr7,14600001,14700000,100000,*,21,0,0
chr7,14700001,14800000,100000,*,10,0,0
chr7,14800001,14900000,100000,*,7,0,0
chr7,14900001,15000000,100000,*,8,0,0
chr7,15000001,15100000,100000,*,13,0,0
chr7,15100001,15200000,100000,*,15,0,0
chr7,15200001,15300000,100000,*,31,0,0
chr7,15300001,15400000,100000,*,16,0,0
chr7,15400001,15500000,100000,*,3,0,0
chr7,15500001,15600000,100000,*,13,0,0
chr7,15600001,15700000,100000,*,4,0,0
chr7,15700001,15800000,100000,*,7,0,0
chr7,15800001,15900000,100000,*,5,0,0
chr7,15900001,16000000,100000,*,13,0,0
chr7,16000001,16100000,100000,*,19,0,0
chr7,16100001,16200000,100000,*,14,0,0
chr7,16200001,16300000,100000,*,6,0,0
chr7,16300001,16400000,100000,*,8,0,0
chr7,16400001,16500000,100000,*,6,0,0
chr7,16500001,16600000,100000,*,16,0,0
chr7,16600001,16700000,100000,*,12,0,0
chr7,16700001,16800000,100000,*,12,0,0
chr7,16800001,16900000,100000,*,10,0,0
chr7,16900001,17000000,100000,*,12,0,0
chr7,17000001,17100000,100000,*,9,0,0
chr7,17100001,17200000,100000,*,13,0,0
chr7,17200001,17300000,100000,*,9,0,0
chr7,17300001,17400000,100000,*,8,0,0
chr7,17400001,17500000,100000,*,12,0,0
chr7,17500001,17600000,100000,*,8,0,0
chr7,17600001,17700000,100000,*,15,0,0
chr7,17700001,17800000,100000,*,7,0,0
chr7,17800001,17900000,100000,*,11,0,0
chr7,17900001,18000000,100000,*,18,0,0
chr7,18000001,18100000,100000,*,9,0,0
chr7,18100001,18200000,100000,*,10,0,0
chr7,18200001,18300000,100000,*,14,0,0
chr7,18300001,18400000,100000,*,9,0,0
chr7,18400001,18500000,100000,*,6,0,0
chr7,18500001,18600000,100000,*,16,0,0
chr7,18600001,18700000,100000,*,15,0,0
chr7,18700001,18800000,100000,*,6,0,0
chr7,18800001,18900000,100000,*,22,0,0
chr7,18900001,19000000,100000,*,8,0,0
chr7,19000001,19100000,100000,*,11,0,0
chr7,19100001,19200000,100000,*,23,0,0
chr7,19200001,19300000,100000,*,8,0,0
chr7,19300001,19400000,100000,*,11,0,0
chr7,19400001,19500000,100000,*,13,0,0
chr7,19500001,19600000,100000,*,18,0,0
chr7,19600001,19700000,100000,*,24,0,0
chr7,19700001,19800000,100000,*,19,0,0
chr7,19800001,19900000,100000,*,24,0,0
chr7,19900001,20000000,100000,*,28,0,0
chr7,20000001,20100000,100000,*,6,0,0
chr7,20100001,20200000,100000,*,15,0,0
chr7,20200001,20300000,100000,*,24,0,0
chr7,20300001,20400000,100000,*,16,0,0
chr7,20400001,20500000,100000,*,20,0,0
chr7,20500001,20600000,100000,*,22,0,0
chr7,20600001,20700000,100000,*,12,0,0
chr7,20700001,20800000,100000,*,27,0,0
chr7,20800001,20900000,100000,*,12,0,0
chr7,20900001,21000000,100000,*,21,0,0
chr7,21000001,21100000,100000,*,13,0,0
chr7,21100001,21200000,100000,*,19,0,0
chr7,21200001,21300000,100000,*,29,0,0
chr7,21300001,21400000,100000,*,17,0,0
chr7,21400001,21500000,100000,*,25,0,0
chr7,21500001,21600000,100000,*,17,0,0
chr7,21600001,21700000,100000,*,22,0,0
chr7,21700001,21800000,100000,*,18,0,0
chr7,21800001,21900000,100000,*,20,0,0
chr7,21900001,22000000,100000,*,11,0,0
chr7,22000001,22100000,100000,*,9,0,0
chr7,22100001,22200000,100000,*,19,0,0
chr7,22200001,22300000,100000,*,24,0,0
chr7,22300001,22400000,100000,*,18,0,0
chr7,22400001,22500000,100000,*,23,0,0
chr7,22500001,22600000,100000,*,15,0,0
chr7,22600001,22700000,100000,*,9,0,0
chr7,22700001,22800000,100000,*,15,0,0
chr7,22800001,22900000,100000,*,17,0,0
chr7,22900001,23000000,100000,*,6,0,0
chr7,23000001,23100000,100000,*,12,0,0
chr7,23100001,23200000,100000,*,11,0,0
chr7,23200001,23300000,100000,*,11,0,0
chr7,23300001,23400000,100000,*,14,0,0
chr7,23400001,23500000,100000,*,9,0,0
chr7,23500001,23600000,100000,*,8,0,0
chr7,23600001,23700000,100000,*,8,0,0
chr7,23700001,23800000,100000,*,11,0,0
chr7,23800001,23900000,100000,*,16,0,0
chr7,23900001,24000000,100000,*,12,0,0
chr7,24000001,24100000,100000,*,12,0,0
chr7,24100001,24200000,100000,*,10,0,0
chr7,24200001,24300000,100000,*,10,0,0
chr7,24300001,24400000,100000,*,12,0,0
chr7,24400001,24500000,100000,*,9,0,0
chr7,24500001,24600000,100000,*,10,0,0
chr7,24600001,24700000,100000,*,14,0,0
chr7,24700001,24800000,100000,*,11,0,0
chr7,24800001,24900000,100000,*,11,0,0
chr7,24900001,25000000,100000,*,8,0,0
chr7,25000001,25100000,100000,*,14,0,0
chr7,25100001,25200000,100000,*,7,0,0
chr7,25200001,25300000,100000,*,13,0,0
chr7,25300001,25400000,100000,*,13,0,0
chr7,25400001,25500000,100000,*,9,0,0
chr7,25500001,25600000,100000,*,12,0,0
chr7,25600001,25700000,100000,*,6,0,0
chr7,25700001,25800000,100000,*,10,0,0
chr7,25800001,25900000,100000,*,6,0,0
chr7,25900001,26000000,100000,*,10,0,0
chr7,26000001,26100000,100000,*,15,0,0
chr7,26100001,26200000,100000,*,12,0,0
chr7,26200001,26300000,100000,*,8,0,0
chr7,26300001,26400000,100000,*,17,0,0
chr7,26400001,26500000,100000,*,9,0,0
chr7,26500001,26600000,100000,*,11,0,0
chr7,26600001,26700000,100000,*,10,0,0
chr7,26700001,26800000,100000,*,14,0,0
chr7,26800001,26900000,100000,*,26,0,0
chr7,26900001,27000000,100000,*,19,0,0
chr7,27000001,27100000,100000,*,6,0,0
chr7,27100001,27200000,100000,*,13,0,0
chr7,27200001,27300000,100000,*,7,0,0
chr7,27300001,27400000,100000,*,8,0,0
chr7,27400001,27500000,100000,*,15,0,0
chr7,27500001,27600000,100000,*,5,0,0
chr7,27600001,27700000,100000,*,14,0,0
chr7,27700001,27800000,100000,*,7,0,0
chr7,27800001,27900000,100000,*,26,0,0
chr7,27900001,28000000,100000,*,8,0,0
chr7,28000001,28100000,100000,*,12,0,0
chr7,28100001,28200000,100000,*,13,0,0
chr7,28200001,28300000,100000,*,14,0,0
chr7,28300001,28400000,100000,*,12,0,0
chr7,28400001,28500000,100000,*,11,0,0
chr7,28500001,28600000,100000,*,13,0,0
chr7,28600001,28700000,100000,*,14,0,0
chr7,28700001,28800000,100000,*,10,0,0
chr7,28800001,28900000,100000,*,9,0,0
chr7,28900001,29000000,100000,*,16,0,0
chr7,29000001,29100000,100000,*,15,0,0
chr7,29100001,29200000,100000,*,9,0,0
chr7,29200001,29300000,100000,*,3,0,0
chr7,29300001,29400000,100000,*,11,0,0
chr7,29400001,29500000,100000,*,12,0,0
chr7,29500001,29600000,100000,*,7,0,0
chr7,29600001,29700000,100000,*,3,0,0
chr7,29700001,29800000,100000,*,16,0,0
chr7,29800001,29900000,100000,*,22,0,0
chr7,29900001,30000000,100000,*,25,0,0
chr7,30000001,30089577,89577,*,27,0,0
chr8,1,100000,100000,*,17,0,0
chr8,100001,200000,100000,*,3,0,0
chr8,200001,300000,100000,*,10,0,0
chr8,300001,400000,100000,*,18,0,0
chr8,400001,500000,100000,*,10,0,0
chr8,500001,600000,100000,*,7,0,0
chr8,600001,700000,100000,*,6,0,0
chr8,700001,800000,100000,*,6,0,0
chr8,800001,900000,100000,*,6,0,0
chr8,900001,1000000,100000,*,15,0,0
chr8,1000001,1100000,100000,*,20,0,0
chr8,1100001,1200000,100000,*,11,0,0
chr8,1200001,1300000,100000,*,5,0,0
chr8,1300001,1400000,100000,*,9,0,0
chr8,1400001,1500000,100000,*,14,0,0
chr8,1500001,1600000,100000,*,5,0,0
chr8,1600001,1700000,100000,*,12,0,0
chr8,1700001,1800000,100000,*,5,0,0
chr8,1800001,1900000,100000,*,13,0,0
chr8,1900001,2000000,100000,*,19,0,0
chr8,2000001,2100000,100000,*,14,0,0
chr8,2100001,2200000,100000,*,3,0,0
chr8,2200001,2300000,100000,*,11,0,0
chr8,2300001,2400000,100000,*,14,0,0
chr8,2400001,2500000,100000,*,9,0,0
chr8,2500001,2600000,100000,*,9,0,0
chr8,2600001,2700000,100000,*,17,0,0
chr8,2700001,2800000,100000,*,25,0,0
chr8,2800001,2900000,100000,*,15,0,0
chr8,2900001,3000000,100000,*,5,0,0
chr8,3000001,3100000,100000,*,8,0,0
chr8,3100001,3200000,100000,*,27,0,0
chr8,3200001,3300000,100000,*,21,0,0
chr8,3300001,3400000,100000,*,6,0,0
chr8,3400001,3500000,100000,*,13,0,0
chr8,3500001,3600000,100000,*,7,0,0
chr8,3600001,3700000,100000,*,10,0,0
chr8,3700001,3800000,100000,*,7,0,0
chr8,3800001,3900000,100000,*,1,0,0
chr8,3900001,4000000,100000,*,6,0,0
chr8,4000001,4100000,100000,*,5,0,0
chr8,4100001,4200000,100000,*,8,0,0
chr8,4200001,4300000,100000,*,12,0,0
chr8,4300001,4400000,100000,*,14,0,0
chr8,4400001,4500000,100000,*,16,0,0
chr8,4500001,4600000,100000,*,10,0,0
chr8,4600001,4700000,100000,*,12,0,0
chr8,4700001,4800000,100000,*,12,0,0
chr8,4800001,4900000,100000,*,8,0,0
chr8,4900001,5000000,100000,*,6,0,0
chr8,5000001,5100000,100000,*,12,0,0
chr8,5100001,5200000,100000,*,14,0,0
chr8,5200001,5300000,100000,*,25,0,0
chr8,5300001,5400000,100000,*,10,0,0
chr8,5400001,5500000,100000,*,16,0,0
chr8,5500001,5600000,100000,*,12,0,0
chr8,5600001,5700000,100000,*,12,0,0
chr8,5700001,5800000,100000,*,12,0,0
chr8,5800001,5900000,100000,*,12,0,0
chr8,5900001,6000000,100000,*,7,0,0
chr8,6000001,6100000,100000,*,10,0,0
chr8,6100001,6200000,100000,*,13,0,0
chr8,6200001,6300000,100000,*,5,0,0
chr8,6300001,6400000,100000,*,6,0,0
chr8,6400001,6500000,100000,*,14,0,0
chr8,6500001,6600000,100000,*,7,0,0
chr8,6600001,6700000,100000,*,8,0,0
chr8,6700001,6800000,100000,*,16,0,0
chr8,6800001,6900000,100000,*,4,0,0
chr8,6900001,7000000,100000,*,11,0,0
chr8,7000001,7100000,100000,*,5,0,0
chr8,7100001,7200000,100000,*,9,0,0
chr8,7200001,7300000,100000,*,6,0,0
chr8,7300001,7400000,100000,*,14,0,0
chr8,7400001,7500000,100000,*,17,0,0
chr8,7500001,7600000,100000,*,25,0,0
chr8,7600001,7700000,100000,*,21,0,0
chr8,7700001,7800000,100000,*,21,0,0
chr8,7800001,7900000,100000,*,20,0,0
chr8,7900001,8000000,100000,*,20,0,0
chr8,8000001,8100000,100000,*,21,0,0
chr8,8100001,8200000,100000,*,18,0,0
chr8,8200001,8300000,100000,*,22,0,0
chr8,8300001,8400000,100000,*,30,0,0
chr8,8400001,8500000,100000,*,25,0,0
chr8,8500001,8600000,100000,*,22,0,0
chr8,8600001,8700000,100000,*,15,0,0
chr8,8700001,8800000,100000,*,17,0,0
chr8,8800001,8900000,100000,*,21,0,0
chr8,8900001,9000000,100000,*,10,0,0
chr8,9000001,9100000,100000,*,14,0,0
chr8,9100001,9200000,100000,*,23,0,0
chr8,9200001,9300000,100000,*,17,0,0
chr8,9300001,9400000,100000,*,21,0,0
chr8,9400001,9500000,100000,*,14,0,0
chr8,9500001,9600000,100000,*,21,0,0
chr8,9600001,9700000,100000,*,17,0,0
chr8,9700001,9800000,100000,*,21,0,0
chr8,9800001,9900000,100000,*,24,0,0
chr8,9900001,10000000,100000,*,9,0,0
chr8,10000001,10100000,100000,*,20,0,0
chr8,10100001,10200000,100000,*,16,0,0
chr8,10200001,10300000,100000,*,12,0,0
chr8,10300001,10400000,100000,*,14,0,0
chr8,10400001,10500000,100000,*,23,0,0
chr8,10500001,10600000,100000,*,15,0,0
chr8,10600001,10700000,100000,*,17,0,0
chr8,10700001,10800000,100000,*,14,0,0
chr8,10800001,10900000,100000,*,18,0,0
chr8,10900001,11000000,100000,*,11,0,0
chr8,11000001,11100000,100000,*,23,0,0
chr8,11100001,11200000,100000,*,30,0,0
chr8,11200001,11300000,100000,*,28,0,0
chr8,11300001,11400000,100000,*,22,0,0
chr8,11400001,11500000,100000,*,24,0,0
chr8,11500001,11600000,100000,*,20,0,0
chr8,11600001,11700000,100000,*,21,0,0
chr8,11700001,11800000,100000,*,16,0,0
chr8,11800001,11900000,100000,*,18,0,0
chr8,11900001,12000000,100000,*,38,0,0
chr8,12000001,12100000,100000,*,17,0,0
chr8,12100001,12200000,100000,*,17,0,0
chr8,12200001,12300000,100000,*,8,0,0
chr8,12300001,12400000,100000,*,11,0,0
chr8,12400001,12500000,100000,*,8,0,0
chr8,12500001,12600000,100000,*,17,0,0
chr8,12600001,12700000,100000,*,6,0,0
chr8,12700001,12800000,100000,*,11,0,0
chr8,12800001,12900000,100000,*,5,0,0
chr8,12900001,13000000,100000,*,6,0,0
chr8,13000001,13100000,100000,*,8,0,0
chr8,13100001,13200000,100000,*,17,0,0
chr8,13200001,13300000,100000,*,5,0,0
chr8,13300001,13400000,100000,*,12,0,0
chr8,13400001,13500000,100000,*,4,0,0
chr8,13500001,13600000,100000,*,6,0,0
chr8,13600001,13700000,100000,*,10,0,0
chr8,13700001,13800000,100000,*,6,0,0
chr8,13800001,13900000,100000,*,5,0,0
chr8,13900001,14000000,100000,*,13,0,0
chr8,14000001,14100000,100000,*,13,0,0
chr8,14100001,14200000,100000,*,8,0,0
chr8,14200001,14300000,100000,*,9,0,0
chr8,14300001,14400000,100000,*,16,0,0
chr8,14400001,14500000,100000,*,28,0,0
chr8,14500001,14600000,100000,*,23,0,0
chr8,14600001,14700000,100000,*,11,0,0
chr8,14700001,14800000,100000,*,4,0,0
chr8,14800001,14900000,100000,*,15,0,0
chr8,14900001,15000000,100000,*,5,0,0
chr8,15000001,15100000,100000,*,6,0,0
chr8,15100001,15200000,100000,*,3,0,0
chr8,15200001,15300000,100000,*,8,0,0
chr8,15300001,15400000,100000,*,7,0,0
chr8,15400001,15500000,100000,*,7,0,0
chr8,15500001,15600000,100000,*,5,0,0
chr8,15600001,15700000,100000,*,9,0,0
chr8,15700001,15800000,100000,*,9,0,0
chr8,15800001,15900000,100000,*,14,0,0
chr8,15900001,16000000,100000,*,9,0,0
chr8,16000001,16100000,100000,*,13,0,0
chr8,16100001,16200000,100000,*,18,0,0
chr8,16200001,16300000,100000,*,8,0,0
chr8,16300001,16400000,100000,*,10,0,0
chr8,16400001,16500000,100000,*,13,0,0
chr8,16500001,16600000,100000,*,3,0,0
chr8,16600001,16700000,100000,*,7,0,0
chr8,16700001,16800000,100000,*,11,0,0
chr8,16800001,16900000,100000,*,13,0,0
chr8,16900001,17000000,100000,*,3,0,0
chr8,17000001,17100000,100000,*,19,0,0
chr8,17100001,17200000,100000,*,9,0,0
chr8,17200001,17300000,100000,*,7,0,0
chr8,17300001,17400000,100000,*,6,0,0
chr8,17400001,17500000,100000,*,11,0,0
chr8,17500001,17600000,100000,*,12,0,0
chr8,17600001,17700000,100000,*,12,0,0
chr8,17700001,17800000,100000,*,7,0,0
chr8,17800001,17900000,100000,*,12,0,0
chr8,17900001,18000000,100000,*,17,0,0
chr8,18000001,18100000,100000,*,14,0,0
chr8,18100001,18200000,100000,*,9,0,0
chr8,18200001,18300000,100000,*,9,0,0
chr8,18300001,18400000,100000,*,7,0,0
chr8,18400001,18500000,100000,*,15,0,0
chr8,18500001,18600000,100000,*,6,0,0
chr8,18600001,18700000,100000,*,17,0,0
chr8,18700001,18800000,100000,*,8,0,0
chr8,18800001,18900000,100000,*,9,0,0
chr8,18900001,19000000,100000,*,12,0,0
chr8,19000001,19100000,100000,*,3,0,0
chr8,19100001,19200000,100000,*,7,0,0
chr8,19200001,19300000,100000,*,7,0,0
chr8,19300001,19400000,100000,*,5,0,0
chr8,19400001,19500000,100000,*,5,0,0
chr8,19500001,19600000,100000,*,10,0,0
chr8,19600001,19700000,100000,*,13,0,0
chr8,19700001,19800000,100000,*,16,0,0
chr8,19800001,19900000,100000,*,22,0,0
chr8,19900001,20000000,100000,*,13,0,0
chr8,20000001,20100000,100000,*,14,0,0
chr8,20100001,20200000,100000,*,13,0,0
chr8,20200001,20300000,100000,*,17,0,0
chr8,20300001,20400000,100000,*,19,0,0
chr8,20400001,20500000,100000,*,25,0,0
chr8,20500001,20600000,100000,*,19,0,0
chr8,20600001,20700000,100000,*,15,0,0
chr8,20700001,20800000,100000,*,9,0,0
chr8,20800001,20900000,100000,*,15,0,0
chr8,20900001,21000000,100000,*,6,0,0
chr8,21000001,21100000,100000,*,10,0,0
chr8,21100001,21200000,100000,*,15,0,0
chr8,21200001,21300000,100000,*,8,0,0
chr8,21300001,21400000,100000,*,7,0,0
chr8,21400001,21500000,100000,*,8,0,0
chr8,21500001,21600000,100000,*,14,0,0
chr8,21600001,21700000,100000,*,6,0,0
chr8,21700001,21800000,100000,*,3,0,0
chr8,21800001,21900000,100000,*,6,0,0
chr8,21900001,22000000,100000,*,9,0,0
chr8,22000001,22100000,100000,*,10,0,0
chr8,22100001,22200000,100000,*,6,0,0
chr8,22200001,22300000,100000,*,6,0,0
chr8,22300001,22400000,100000,*,9,0,0
chr8,22400001,22500000,100000,*,2,0,0
chr8,22500001,22600000,100000,*,8,0,0
chr8,22600001,22700000,100000,*,4,0,0
chr8,22700001,22800000,100000,*,5,0,0
chr8,22800001,22900000,100000,*,5,0,0
chr8,22900001,23000000,100000,*,9,0,0
chr8,23000001,23100000,100000,*,6,0,0
chr8,23100001,23200000,100000,*,4,0,0
chr8,23200001,23300000,100000,*,4,0,0
chr8,23300001,23400000,100000,*,3,0,0
chr8,23400001,23500000,100000,*,9,0,0
chr8,23500001,23600000,100000,*,4,0,0
chr8,23600001,23700000,100000,*,5,0,0
chr8,23700001,23800000,100000,*,6,0,0
chr8,23800001,23900000,100000,*,5,0,0
chr8,23900001,24000000,100000,*,6,0,0
chr8,24000001,24100000,100000,*,2,0,0
chr8,24100001,24200000,100000,*,7,0,0
chr8,24200001,24300000,100000,*,5,0,0
chr8,24300001,24400000,100000,*,4,0,0
chr8,24400001,24500000,100000,*,2,0,0
chr8,24500001,24600000,100000,*,3,0,0
chr8,24600001,24700000,100000,*,2,0,0
chr8,24700001,24800000,100000,*,3,0,0
chr8,24800001,24900000,100000,*,7,0,0
chr8,24900001,25000000,100000,*,11,0,0
chr8,25000001,25100000,100000,*,8,0,0
chr8,25100001,25200000,100000,*,3,0,0
chr8,25200001,25300000,100000,*,6,0,0
chr8,25300001,25400000,100000,*,7,0,0
chr8,25400001,25500000,100000,*,1,0,0
chr8,25500001,25600000,100000,*,19,0,0
chr8,25600001,25700000,100000,*,1,0,0
chr8,25700001,25800000,100000,*,2,0,0
chr8,25800001,25900000,100000,*,3,0,0
chr8,25900001,26000000,100000,*,8,0,0
chr8,26000001,26100000,100000,*,12,0,0
chr8,26100001,26200000,100000,*,5,0,0
chr8,26200001,26300000,100000,*,2,0,0
chr8,26300001,26400000,100000,*,8,0,0
chr8,26400001,26500000,100000,*,6,0,0
chr8,26500001,26531562,31562,*,1,0,0
