seqnames,start,end,width,strand,dens,window_scores,coverage
chr9,1,100000,100000,*,8,0,0
chr9,100001,200000,100000,*,17,0,0
chr9,200001,300000,100000,*,2,0,0
chr9,300001,400000,100000,*,5,0,0
chr9,400001,500000,100000,*,5,0,0
chr9,500001,600000,100000,*,7,0,0
chr9,600001,700000,100000,*,10,0,0
chr9,700001,800000,100000,*,4,0,0
chr9,800001,900000,100000,*,8,0,0
chr9,900001,1000000,100000,*,8,0,0
chr9,1000001,1100000,100000,*,2,0,0
chr9,1100001,1200000,100000,*,8,0,0
chr9,1200001,1300000,100000,*,13,0,0
chr9,1300001,1400000,100000,*,2,0,0
chr9,1400001,1500000,100000,*,5,0,0
chr9,1500001,1600000,100000,*,9,0,0
chr9,1600001,1700000,100000,*,2,0,0
chr9,1700001,1800000,100000,*,1,0,0
chr9,1800001,1900000,100000,*,13,0,0
chr9,1900001,2000000,100000,*,2,0,0
chr9,2000001,2100000,100000,*,5,0,0
chr9,2100001,2200000,100000,*,6,0,0
chr9,2200001,2300000,100000,*,3,0,0
chr9,2300001,2400000,100000,*,6,0,0
chr9,2400001,2500000,100000,*,5,0,0
chr9,2500001,2600000,100000,*,1,0,0
chr9,2600001,2700000,100000,*,5,0,0
chr9,2700001,2800000,100000,*,9,0,0
chr9,2800001,2900000,100000,*,0,0,NA
chr9,2900001,3000000,100000,*,2,0,0
chr9,3000001,3100000,100000,*,11,0,0
chr9,3100001,3200000,100000,*,6,0,0
chr9,3200001,3300000,100000,*,8,0,0
chr9,3300001,3400000,100000,*,8,0,0
chr9,3400001,3500000,100000,*,0,0,NA
chr9,3500001,3600000,100000,*,7,0,0
chr9,3600001,3700000,100000,*,3,0,0
chr9,3700001,3800000,100000,*,4,0,0
chr9,3800001,3900000,100000,*,3,0,0
chr9,3900001,4000000,100000,*,9,0,0
chr9,4000001,4100000,100000,*,6,0,0
chr9,4100001,4200000,100000,*,4,0,0
chr9,4200001,4300000,100000,*,6,0,0
chr9,4300001,4400000,100000,*,5,0,0
chr9,4400001,4500000,100000,*,4,0,0
chr9,4500001,4600000,100000,*,8,0,0
chr9,4600001,4700000,100000,*,12,0,0
chr9,4700001,4800000,100000,*,11,0,0
chr9,4800001,4900000,100000,*,5,0,0
chr9,4900001,5000000,100000,*,15,0,0
chr9,5000001,5100000,100000,*,7,0,0
chr9,5100001,5200000,100000,*,2,0,0
chr9,5200001,5300000,100000,*,8,0,0
chr9,5300001,5400000,100000,*,8,0,0
chr9,5400001,5500000,100000,*,13,0,0
chr9,5500001,5600000,100000,*,14,0,0
chr9,5600001,5700000,100000,*,16,0,0
chr9,5700001,5800000,100000,*,9,0,0
chr9,5800001,5900000,100000,*,12,0,0
chr9,5900001,6000000,100000,*,8,0,0
chr9,6000001,6100000,100000,*,4,0,0
chr9,6100001,6200000,100000,*,17,0,0
chr9,6200001,6300000,100000,*,7,0,0
chr9,6300001,6400000,100000,*,13,0,0
chr9,6400001,6500000,100000,*,2,0,0
chr9,6500001,6600000,100000,*,2,0,0
chr9,6600001,6700000,100000,*,22,0,0
chr9,6700001,6800000,100000,*,2,0,0
chr9,6800001,6900000,100000,*,4,0,0
chr9,6900001,7000000,100000,*,7,0,0
chr9,7000001,7100000,100000,*,2,0,0
chr9,7100001,7200000,100000,*,2,0,0
chr9,7200001,7300000,100000,*,1,0,0
chr9,7300001,7400000,100000,*,1,0,0
chr9,7400001,7500000,100000,*,3,0,0
chr9,7500001,7600000,100000,*,9,0,0
chr9,7600001,7700000,100000,*,8,0,0
chr9,7700001,7800000,100000,*,2,0,0
chr9,7800001,7900000,100000,*,13,0,0
chr9,7900001,8000000,100000,*,6,0,0
chr9,8000001,8100000,100000,*,14,0,0
chr9,8100001,8200000,100000,*,12,0,0
chr9,8200001,8300000,100000,*,8,0,0
chr9,8300001,8400000,100000,*,7,0,0
chr9,8400001,8500000,100000,*,8,0,0
chr9,8500001,8600000,100000,*,2,0,0
chr9,8600001,8700000,100000,*,5,0,0
chr9,8700001,8800000,100000,*,6,0,0
chr9,8800001,8900000,100000,*,6,0,0
chr9,8900001,9000000,100000,*,8,0,0
chr9,9000001,9100000,100000,*,9,0,0
chr9,9100001,9200000,100000,*,13,0,0
chr9,9200001,9300000,100000,*,8,0,0
chr9,9300001,9400000,100000,*,7,0,0
chr9,9400001,9500000,100000,*,40,0,0
chr9,9500001,9600000,100000,*,22,0,0
chr9,9600001,9700000,100000,*,8,0,0
chr9,9700001,9800000,100000,*,10,0,0
chr9,9800001,9900000,100000,*,8,0,0
chr9,9900001,10000000,100000,*,11,0,0
chr9,10000001,10100000,100000,*,15,0,0
chr9,10100001,10200000,100000,*,4,0,0
chr9,10200001,10300000,100000,*,15,0,0
chr9,10300001,10400000,100000,*,13,0,0
chr9,10400001,10500000,100000,*,19,0,0
chr9,10500001,10600000,100000,*,10,0,0
chr9,10600001,10700000,100000,*,16,0,0
chr9,10700001,10800000,100000,*,13,0,0
chr9,10800001,10900000,100000,*,10,0,0
chr9,10900001,11000000,100000,*,17,0,0
chr9,11000001,11100000,100000,*,14,0,0
chr9,11100001,11200000,100000,*,8,0,0
chr9,11200001,11300000,100000,*,11,0,0
chr9,11300001,11400000,100000,*,10,0,0
chr9,11400001,11500000,100000,*,4,0,0
chr9,11500001,11600000,100000,*,16,0,0
chr9,11600001,11700000,100000,*,34,0,0
chr9,11700001,11800000,100000,*,20,0,0
chr9,11800001,11900000,100000,*,11,0,0
chr9,11900001,12000000,100000,*,9,0,0
chr9,12000001,12100000,100000,*,14,0,0
chr9,12100001,12200000,100000,*,11,0,0
chr9,12200001,12300000,100000,*,12,0,0
chr9,12300001,12400000,100000,*,8,0,0
chr9,12400001,12500000,100000,*,10,0,0
chr9,12500001,12600000,100000,*,7,0,0
chr9,12600001,12700000,100000,*,10,0,0
chr9,12700001,12800000,100000,*,13,0,0
chr9,12800001,12900000,100000,*,16,0,0
chr9,12900001,13000000,100000,*,6,0,0
chr9,13000001,13100000,100000,*,21,0,0
chr9,13100001,13200000,100000,*,18,0,0
chr9,13200001,13300000,100000,*,9,0,0
chr9,13300001,13400000,100000,*,18,0,0
chr9,13400001,13500000,100000,*,13,0,0
chr9,13500001,13600000,100000,*,14,0,0
chr9,13600001,13700000,100000,*,12,0,0
chr9,13700001,13800000,100000,*,4,0,0
chr9,13800001,13900000,100000,*,8,0,0
chr9,13900001,14000000,100000,*,20,0,0
chr9,14000001,14100000,100000,*,8,0,0
chr9,14100001,14200000,100000,*,21,0,0
chr9,14200001,14300000,100000,*,17,0,0
chr9,14300001,14400000,100000,*,18,0,0
chr9,14400001,14500000,100000,*,15,0,0
chr9,14500001,14600000,100000,*,19,0,0
chr9,14600001,14700000,100000,*,19,0,0
chr9,14700001,14800000,100000,*,11,0,0
chr9,14800001,14900000,100000,*,26,0,0
chr9,14900001,15000000,100000,*,29,0,0
chr9,15000001,15100000,100000,*,11,0,0
chr9,15100001,15200000,100000,*,13,0,0
chr9,15200001,15300000,100000,*,17,0,0
chr9,15300001,15400000,100000,*,16,0,0
chr9,15400001,15500000,100000,*,22,0,0
chr9,15500001,15600000,100000,*,25,0,0
chr9,15600001,15700000,100000,*,23,0,0
chr9,15700001,15800000,100000,*,16,0,0
chr9,15800001,15900000,100000,*,34,0,0
chr9,15900001,16000000,100000,*,11,0,0
chr9,16000001,16100000,100000,*,24,0,0
chr9,16100001,16200000,100000,*,16,0,0
chr9,16200001,16300000,100000,*,16,0,0
chr9,16300001,16400000,100000,*,19,0,0
chr9,16400001,16500000,100000,*,15,0,0
chr9,16500001,16600000,100000,*,13,0,0
chr9,16600001,16700000,100000,*,21,0,0
chr9,16700001,16800000,100000,*,41,0,0
chr9,16800001,16900000,100000,*,13,0,0
chr9,16900001,17000000,100000,*,17,0,0
chr9,17000001,17100000,100000,*,25,0,0
chr9,17100001,17200000,100000,*,16,0,0
chr9,17200001,17300000,100000,*,24,0,0
chr9,17300001,17400000,100000,*,15,0,0
chr9,17400001,17500000,100000,*,16,0,0
chr9,17500001,17600000,100000,*,15,0,0
chr9,17600001,17700000,100000,*,25,0,0
chr9,17700001,17800000,100000,*,21,0,0
chr9,17800001,17900000,100000,*,17,0,0
chr9,17900001,18000000,100000,*,19,0,0
chr9,18000001,18100000,100000,*,25,0,0
chr9,18100001,18200000,100000,*,15,0,0
chr9,18200001,18300000,100000,*,14,0,0
chr9,18300001,18400000,100000,*,27,0,0
chr9,18400001,18500000,100000,*,15,0,0
chr9,18500001,18600000,100000,*,16,0,0
chr9,18600001,18700000,100000,*,17,0,0
chr9,18700001,18800000,100000,*,18,0,0
chr9,18800001,18900000,100000,*,20,0,0
chr9,18900001,19000000,100000,*,16,0,0
chr9,19000001,19100000,100000,*,23,0,0
chr9,19100001,19200000,100000,*,19,0,0
chr9,19200001,19300000,100000,*,14,0,0
chr9,19300001,19400000,100000,*,21,0,0
chr9,19400001,19500000,100000,*,26,0,0
chr9,19500001,19600000,100000,*,25,0,0
chr9,19600001,19700000,100000,*,26,0,0
chr9,19700001,19800000,100000,*,39,0,0
chr9,19800001,19900000,100000,*,26,0,0
chr9,19900001,20000000,100000,*,21,0,0
chr9,20000001,20100000,100000,*,29,0,0
chr9,20100001,20200000,100000,*,26,0,0
chr9,20200001,20300000,100000,*,20,0,0
chr9,20300001,20400000,100000,*,25,0,0
chr9,20400001,20500000,100000,*,18,0,0
chr9,20500001,20600000,100000,*,23,0,0
chr9,20600001,20700000,100000,*,14,0,0
chr9,20700001,20800000,100000,*,26,0,0
chr9,20800001,20900000,100000,*,20,0,0
chr9,20900001,21000000,100000,*,17,0,0
chr9,21000001,21100000,100000,*,6,0,0
chr9,21100001,21200000,100000,*,18,0,0
chr9,21200001,21300000,100000,*,17,0,0
chr9,21300001,21400000,100000,*,29,0,0
chr9,21400001,21500000,100000,*,8,0,0
chr9,21500001,21600000,100000,*,20,0,0
chr9,21600001,21700000,100000,*,14,0,0
chr9,21700001,21800000,100000,*,24,0,0
chr9,21800001,21900000,100000,*,22,0,0
chr9,21900001,22000000,100000,*,26,0,0
chr9,22000001,22100000,100000,*,11,0,0
chr9,22100001,22200000,100000,*,16,0,0
chr9,22200001,22300000,100000,*,17,0,0
chr9,22300001,22400000,100000,*,30,0,0
chr9,22400001,22500000,100000,*,21,0,0
chr9,22500001,22600000,100000,*,34,0,0
chr9,22600001,22700000,100000,*,29,0,0
chr9,22700001,22800000,100000,*,24,0,0
chr9,22800001,22900000,100000,*,32,0,0
chr9,22900001,23000000,100000,*,16,0,0
chr9,23000001,23100000,100000,*,14,0,0
chr9,23100001,23200000,100000,*,25,0,0
chr9,23200001,23300000,100000,*,25,0,0
chr9,23300001,23400000,100000,*,24,0,0
chr9,23400001,23500000,100000,*,25,0,0
chr9,23500001,23600000,100000,*,27,0,0
chr9,23600001,23700000,100000,*,32,0,0
chr9,23700001,23800000,100000,*,33,0,0
chr9,23800001,23900000,100000,*,18,0,0
chr9,23900001,24000000,100000,*,24,0,0
chr9,24000001,24100000,100000,*,7,0,0
chr9,24100001,24200000,100000,*,18,0,0
chr9,24200001,24300000,100000,*,22,0,0
chr9,24300001,24400000,100000,*,10,0,0
chr9,24400001,24500000,100000,*,12,0,0
chr9,24500001,24600000,100000,*,22,0,0
chr9,24600001,24700000,100000,*,29,0,0
chr9,24700001,24800000,100000,*,11,0,0
chr9,24800001,24900000,100000,*,36,0,0
chr9,24900001,25000000,100000,*,5,0,0
chr9,25000001,25100000,100000,*,13,0,0
chr9,25100001,25200000,100000,*,7,0,0
chr9,25200001,25300000,100000,*,22,0,0
chr9,25300001,25400000,100000,*,37,0,0
chr9,25400001,25500000,100000,*,11,0,0
chr9,25500001,25600000,100000,*,12,0,0
chr9,25600001,25700000,100000,*,10,0,0
chr9,25700001,25800000,100000,*,21,0,0
chr9,25800001,25900000,100000,*,15,0,0
chr9,25900001,26000000,100000,*,12,0,0
chr9,26000001,26100000,100000,*,13,0,0
chr9,26100001,26200000,100000,*,9,0,0
chr9,26200001,26300000,100000,*,23,0,0
chr9,26300001,26400000,100000,*,8,0,0
chr9,26400001,26500000,100000,*,12,0,0
chr9,26500001,26600000,100000,*,24,0,0
chr9,26600001,26700000,100000,*,17,0,0
chr9,26700001,26800000,100000,*,10,0,0
chr9,26800001,26900000,100000,*,24,0,0
chr9,26900001,27000000,100000,*,24,0,0
chr9,27000001,27100000,100000,*,19,0,0
chr9,27100001,27200000,100000,*,15,0,0
chr9,27200001,27300000,100000,*,15,0,0
chr9,27300001,27400000,100000,*,18,0,0
chr9,27400001,27500000,100000,*,28,0,0
chr9,27500001,27600000,100000,*,9,0,0
chr9,27600001,27700000,100000,*,12,0,0
chr9,27700001,27800000,100000,*,13,0,0
chr9,27800001,27900000,100000,*,13,0,0
chr9,27900001,28000000,100000,*,14,0,0
chr9,28000001,28100000,100000,*,12,0,0
chr9,28100001,28200000,100000,*,19,0,0
chr9,28200001,28300000,100000,*,12,0,0
chr9,28300001,28400000,100000,*,25,0,0
chr9,28400001,28500000,100000,*,5,0,0
chr9,28500001,28600000,100000,*,16,0,0
chr9,28600001,28700000,100000,*,21,0,0
chr9,28700001,28718688,18688,*,1,0,0
chr10,1,100000,100000,*,22,0,0
chr10,100001,200000,100000,*,10,0,0
chr10,200001,300000,100000,*,9,0,0
chr10,300001,400000,100000,*,13,0,0
chr10,400001,500000,100000,*,8,0,0
chr10,500001,600000,100000,*,16,0,0
chr10,600001,700000,100000,*,11,0,0
chr10,700001,800000,100000,*,21,0,0
chr10,800001,900000,100000,*,9,0,0
chr10,900001,1000000,100000,*,22,0,0
chr10,1000001,1100000,100000,*,17,0,0
chr10,1100001,1200000,100000,*,18,0,0
chr10,1200001,1300000,100000,*,19,0,0
chr10,1300001,1400000,100000,*,27,0,0
chr10,1400001,1500000,100000,*,18,0,0
chr10,1500001,1600000,100000,*,23,0,0
chr10,1600001,1700000,100000,*,18,0,0
chr10,1700001,1800000,100000,*,12,0,0
chr10,1800001,1900000,100000,*,29,0,0
chr10,1900001,2000000,100000,*,23,0,0
chr10,2000001,2100000,100000,*,17,0,0
chr10,2100001,2200000,100000,*,9,0,0
chr10,2200001,2300000,100000,*,16,0,0
chr10,2300001,2400000,100000,*,18,0,0
chr10,2400001,2500000,100000,*,11,0,0
chr10,2500001,2600000,100000,*,7,0,0
chr10,2600001,2700000,100000,*,36,0,0
chr10,2700001,2800000,100000,*,19,0,0
chr10,2800001,2900000,100000,*,10,0,0
chr10,2900001,3000000,100000,*,14,0,0
chr10,3000001,3100000,100000,*,11,0,0
chr10,3100001,3200000,100000,*,20,0,0
chr10,3200001,3300000,100000,*,6,0,0
chr10,3300001,3400000,100000,*,15,0,0
chr10,3400001,3500000,100000,*,17,0,0
chr10,3500001,3600000,100000,*,16,0,0
chr10,3600001,3700000,100000,*,30,0,0
chr10,3700001,3800000,100000,*,25,0,0
chr10,3800001,3900000,100000,*,28,0,0
chr10,3900001,4000000,100000,*,22,0,0
chr10,4000001,4100000,100000,*,30,0,0
chr10,4100001,4200000,100000,*,19,0,0
chr10,4200001,4300000,100000,*,19,0,0
chr10,4300001,4400000,100000,*,28,0,0
chr10,4400001,4500000,100000,*,17,0,0
chr10,4500001,4600000,100000,*,18,0,0
chr10,4600001,4700000,100000,*,10,0,0
chr10,4700001,4800000,100000,*,11,0,0
chr10,4800001,4900000,100000,*,25,0,0
chr10,4900001,5000000,100000,*,11,0,0
chr10,5000001,5100000,100000,*,23,0,0
chr10,5100001,5200000,100000,*,10,0,0
chr10,5200001,5300000,100000,*,29,0,0
chr10,5300001,5400000,100000,*,25,0,0
chr10,5400001,5500000,100000,*,21,0,0
chr10,5500001,5600000,100000,*,35,0,0
chr10,5600001,5700000,100000,*,19,0,0
chr10,5700001,5800000,100000,*,23,0,0
chr10,5800001,5900000,100000,*,16,0,0
chr10,5900001,6000000,100000,*,28,0,0
chr10,6000001,6100000,100000,*,35,0,0
chr10,6100001,6200000,100000,*,7,0,0
chr10,6200001,6300000,100000,*,22,0,0
chr10,6300001,6400000,100000,*,10,0,0
chr10,6400001,6500000,100000,*,18,0,0
chr10,6500001,6600000,100000,*,32,0,0
chr10,6600001,6700000,100000,*,11,0,0
chr10,6700001,6800000,100000,*,18,0,0
chr10,6800001,6900000,100000,*,7,0,0
chr10,6900001,7000000,100000,*,12,0,0
chr10,7000001,7100000,100000,*,17,0,0
chr10,7100001,7200000,100000,*,13,0,0
chr10,7200001,7300000,100000,*,10,0,0
chr10,7300001,7400000,100000,*,14,0,0
chr10,7400001,7500000,100000,*,17,0,0
chr10,7500001,7600000,100000,*,6,0,0
chr10,7600001,7700000,100000,*,25,0,0
chr10,7700001,7800000,100000,*,28,0,0
chr10,7800001,7900000,100000,*,30,0,0
chr10,7900001,8000000,100000,*,28,0,0
chr10,8000001,8100000,100000,*,43,0,0
chr10,8100001,8200000,100000,*,40,0,0
chr10,8200001,8300000,100000,*,39,0,0
chr10,8300001,8400000,100000,*,35,0,0
chr10,8400001,8500000,100000,*,22,0,0
chr10,8500001,8600000,100000,*,36,0,0
chr10,8600001,8700000,100000,*,27,0,0
chr10,8700001,8800000,100000,*,33,0,0
chr10,8800001,8900000,100000,*,41,0,0
chr10,8900001,9000000,100000,*,33,0,0
chr10,9000001,9100000,100000,*,31,0,0
chr10,9100001,9200000,100000,*,38,0,0
chr10,9200001,9300000,100000,*,42,0,0
chr10,9300001,9400000,100000,*,39,0,0
chr10,9400001,9500000,100000,*,30,0,0
chr10,9500001,9600000,100000,*,39,0,0
chr10,9600001,9700000,100000,*,37,0,0
chr10,9700001,9800000,100000,*,37,0,0
chr10,9800001,9900000,100000,*,42,0,0
chr10,9900001,10000000,100000,*,34,0,0
chr10,10000001,10100000,100000,*,8,0,0
chr10,10100001,10200000,100000,*,20,0,0
chr10,10200001,10300000,100000,*,15,0,0
chr10,10300001,10400000,100000,*,34,0,0
chr10,10400001,10500000,100000,*,23,0,0
chr10,10500001,10600000,100000,*,11,0,0
chr10,10600001,10700000,100000,*,18,0,0
chr10,10700001,10800000,100000,*,15,0,0
chr10,10800001,10900000,100000,*,13,0,0
chr10,10900001,11000000,100000,*,20,0,0
chr10,11000001,11100000,100000,*,19,0,0
chr10,11100001,11200000,100000,*,15,0,0
chr10,11200001,11300000,100000,*,15,0,0
chr10,11300001,11400000,100000,*,22,0,0
chr10,11400001,11500000,100000,*,27,0,0
chr10,11500001,11600000,100000,*,19,0,0
chr10,11600001,11700000,100000,*,31,0,0
chr10,11700001,11800000,100000,*,21,0,0
chr10,11800001,11900000,100000,*,22,0,0
chr10,11900001,12000000,100000,*,24,0,0
chr10,12000001,12100000,100000,*,24,0,0
chr10,12100001,12200000,100000,*,33,0,0
chr10,12200001,12300000,100000,*,10,0,0
chr10,12300001,12400000,100000,*,28,0,0
chr10,12400001,12500000,100000,*,13,0,0
chr10,12500001,12600000,100000,*,7,0,0
chr10,12600001,12700000,100000,*,10,0,0
chr10,12700001,12800000,100000,*,26,0,0
chr10,12800001,12900000,100000,*,22,0,0
chr10,12900001,13000000,100000,*,19,0,0
chr10,13000001,13100000,100000,*,13,0,0
chr10,13100001,13200000,100000,*,23,0,0
chr10,13200001,13300000,100000,*,12,0,0
chr10,13300001,13400000,100000,*,20,0,0
chr10,13400001,13500000,100000,*,15,0,0
chr10,13500001,13600000,100000,*,24,0,0
chr10,13600001,13700000,100000,*,23,0,0
chr10,13700001,13800000,100000,*,19,0,0
chr10,13800001,13900000,100000,*,11,0,0
chr10,13900001,14000000,100000,*,14,0,0
chr10,14000001,14100000,100000,*,24,0,0
chr10,14100001,14200000,100000,*,14,0,0
chr10,14200001,14300000,100000,*,15,0,0
chr10,14300001,14400000,100000,*,12,0,0
chr10,14400001,14500000,100000,*,11,0,0
chr10,14500001,14600000,100000,*,11,0,0
chr10,14600001,14700000,100000,*,26,0,0
chr10,14700001,14800000,100000,*,16,0,0
chr10,14800001,14900000,100000,*,22,0,0
chr10,14900001,15000000,100000,*,16,0,0
chr10,15000001,15100000,100000,*,19,0,0
chr10,15100001,15200000,100000,*,22,0,0
chr10,15200001,15300000,100000,*,3,0,0
chr10,15300001,15400000,100000,*,9,0,0
chr10,15400001,15500000,100000,*,6,0,0
chr10,15500001,15600000,100000,*,11,0,0
chr10,15600001,15700000,100000,*,12,0,0
chr10,15700001,15800000,100000,*,4,0,0
chr10,15800001,15900000,100000,*,10,0,0
chr10,15900001,16000000,100000,*,14,0,0
chr10,16000001,16100000,100000,*,10,0,0
chr10,16100001,16200000,100000,*,16,0,0
chr10,16200001,16300000,100000,*,11,0,0
chr10,16300001,16400000,100000,*,6,0,0
chr10,16400001,16500000,100000,*,6,0,0
chr10,16500001,16600000,100000,*,10,0,0
chr10,16600001,16700000,100000,*,3,0,0
chr10,16700001,16800000,100000,*,3,0,0
chr10,16800001,16900000,100000,*,12,0,0
chr10,16900001,17000000,100000,*,7,0,0
chr10,17000001,17100000,100000,*,5,0,0
chr10,17100001,17200000,100000,*,8,0,0
chr10,17200001,17300000,100000,*,12,0,0
chr10,17300001,17400000,100000,*,5,0,0
chr10,17400001,17500000,100000,*,3,0,0
chr10,17500001,17600000,100000,*,7,0,0
chr10,17600001,17700000,100000,*,4,0,0
chr10,17700001,17800000,100000,*,14,0,0
chr10,17800001,17900000,100000,*,6,0,0
chr10,17900001,18000000,100000,*,11,0,0
chr10,18000001,18100000,100000,*,12,0,0
chr10,18100001,18200000,100000,*,7,0,0
chr10,18200001,18300000,100000,*,14,0,0
chr10,18300001,18400000,100000,*,4,0,0
chr10,18400001,18500000,100000,*,8,0,0
chr10,18500001,18600000,100000,*,1,0,0
chr10,18600001,18700000,100000,*,11,0,0
chr10,18700001,18800000,100000,*,8,0,0
chr10,18800001,18900000,100000,*,11,0,0
chr10,18900001,19000000,100000,*,0,0,NA
chr10,19000001,19100000,100000,*,12,0,0
chr10,19100001,19200000,100000,*,5,0,0
chr10,19200001,19300000,100000,*,7,0,0
chr10,19300001,19400000,100000,*,13,0,0
chr10,19400001,19500000,100000,*,7,0,0
chr10,19500001,19600000,100000,*,13,0,0
chr10,19600001,19700000,100000,*,11,0,0
chr10,19700001,19800000,100000,*,12,0,0
chr10,19800001,19900000,100000,*,11,0,0
chr10,19900001,20000000,100000,*,10,0,0
chr10,20000001,20100000,100000,*,4,0,0
chr10,20100001,20200000,100000,*,3,0,0
chr10,20200001,20300000,100000,*,2,0,0
chr10,20300001,20400000,100000,*,4,0,0
chr10,20400001,20500000,100000,*,2,0,0
chr10,20500001,20600000,100000,*,18,0,0
chr10,20600001,20700000,100000,*,5,0,0
chr10,20700001,20800000,100000,*,19,0,0
chr10,20800001,20900000,100000,*,5,0,0
chr10,20900001,21000000,100000,*,10,0,0
chr10,21000001,21100000,100000,*,7,0,0
chr10,21100001,21180362,80362,*,9,0,0
chr11,1,100000,100000,*,5,0,0
chr11,100001,200000,100000,*,2,0,0
chr11,200001,300000,100000,*,4,0,0
chr11,300001,400000,100000,*,3,0,0
chr11,400001,500000,100000,*,1,0,0
chr11,500001,600000,100000,*,10,0,0
chr11,600001,700000,100000,*,3,0,0
chr11,700001,800000,100000,*,11,0,0
chr11,800001,900000,100000,*,3,0,0
chr11,900001,1000000,100000,*,6,0,0
chr11,1000001,1100000,100000,*,20,0,0
chr11,1100001,1200000,100000,*,17,0,0
chr11,1200001,1300000,100000,*,14,0,0
chr11,1300001,1400000,100000,*,11,0,0
chr11,1400001,1500000,100000,*,11,0,0
chr11,1500001,1600000,100000,*,9,0,0
chr11,1600001,1700000,100000,*,10,0,0
chr11,1700001,1800000,100000,*,8,0,0
chr11,1800001,1900000,100000,*,6,0,0
chr11,1900001,2000000,100000,*,6,0,0
chr11,2000001,2100000,100000,*,10,0,0
chr11,2100001,2200000,100000,*,3,0,0
chr11,2200001,2300000,100000,*,5,0,0
chr11,2300001,2400000,100000,*,1,0,0
chr11,2400001,2500000,100000,*,3,0,0
chr11,2500001,2600000,100000,*,11,0,0
chr11,2600001,2700000,100000,*,14,0,0
chr11,2700001,2800000,100000,*,10,0,0
chr11,2800001,2900000,100000,*,4,0,0
chr11,2900001,3000000,100000,*,4,0,0
chr11,3000001,3100000,100000,*,3,0,0
chr11,3100001,3200000,100000,*,7,0,0
chr11,3200001,3300000,100000,*,8,0,0
chr11,3300001,3400000,100000,*,9,0,0
chr11,3400001,3500000,100000,*,1,0,0
chr11,3500001,3600000,100000,*,8,0,0
chr11,3600001,3700000,100000,*,4,0,0
chr11,3700001,3800000,100000,*,16,0,0
chr11,3800001,3900000,100000,*,3,0,0
chr11,3900001,4000000,100000,*,5,0,0
chr11,4000001,4100000,100000,*,7,0,0
chr11,4100001,4200000,100000,*,10,0,0
chr11,4200001,4300000,100000,*,12,0,0
chr11,4300001,4400000,100000,*,13,0,0
chr11,4400001,4500000,100000,*,12,0,0
chr11,4500001,4600000,100000,*,16,0,0
chr11,4600001,4700000,100000,*,7,0,0
chr11,4700001,4800000,100000,*,7,0,0
chr11,4800001,4900000,100000,*,7,0,0
chr11,4900001,5000000,100000,*,2,0,0
chr11,5000001,5100000,100000,*,3,0,0
chr11,5100001,5200000,100000,*,9,0,0
chr11,5200001,5300000,100000,*,6,0,0
chr11,5300001,5400000,100000,*,3,0,0
chr11,5400001,5500000,100000,*,11,0,0
chr11,5500001,5600000,100000,*,8,0,0
chr11,5600001,5700000,100000,*,9,0,0
chr11,5700001,5800000,100000,*,2,0,0
chr11,5800001,5900000,100000,*,6,0,0
chr11,5900001,6000000,100000,*,4,0,0
chr11,6000001,6100000,100000,*,14,0,0
chr11,6100001,6200000,100000,*,11,0,0
chr11,6200001,6300000,100000,*,6,0,0
chr11,6300001,6400000,100000,*,11,0,0
chr11,6400001,6500000,100000,*,8,0,0
chr11,6500001,6600000,100000,*,8,0,0
chr11,6600001,6700000,100000,*,6,0,0
chr11,6700001,6800000,100000,*,9,0,0
chr11,6800001,6900000,100000,*,9,0,0
chr11,6900001,7000000,100000,*,14,0,0
chr11,7000001,7100000,100000,*,15,0,0
chr11,7100001,7200000,100000,*,9,0,0
chr11,7200001,7300000,100000,*,9,0,0
chr11,7300001,7400000,100000,*,8,0,0
chr11,7400001,7500000,100000,*,10,0,0
chr11,7500001,7600000,100000,*,7,0,0
chr11,7600001,7700000,100000,*,7,0,0
chr11,7700001,7800000,100000,*,16,0,0
chr11,7800001,7900000,100000,*,3,0,0
chr11,7900001,8000000,100000,*,13,0,0
chr11,8000001,8100000,100000,*,17,0,0
chr11,8100001,8200000,100000,*,11,0,0
chr11,8200001,8300000,100000,*,4,0,0
chr11,8300001,8400000,100000,*,15,0,0
chr11,8400001,8500000,100000,*,7,0,0
chr11,8500001,8600000,100000,*,10,0,0
chr11,8600001,8700000,100000,*,5,0,0
chr11,8700001,8800000,100000,*,11,0,0
chr11,8800001,8900000,100000,*,21,0,0
chr11,8900001,9000000,100000,*,10,0,0
chr11,9000001,9100000,100000,*,13,0,0
chr11,9100001,9200000,100000,*,7,0,0
chr11,9200001,9300000,100000,*,5,0,0
chr11,9300001,9400000,100000,*,12,0,0
chr11,9400001,9500000,100000,*,5,0,0
chr11,9500001,9600000,100000,*,16,0,0
chr11,9600001,9700000,100000,*,9,0,0
chr11,9700001,9800000,100000,*,7,0,0
chr11,9800001,9900000,100000,*,13,0,0
chr11,9900001,10000000,100000,*,20,0,0
chr11,10000001,10100000,100000,*,7,0,0
chr11,10100001,10200000,100000,*,13,0,0
chr11,10200001,10300000,100000,*,23,0,0
chr11,10300001,10400000,100000,*,14,0,0
chr11,10400001,10500000,100000,*,10,0,0
chr11,10500001,10600000,100000,*,4,0,0
chr11,10600001,10700000,100000,*,10,0,0
chr11,10700001,10800000,100000,*,10,0,0
chr11,10800001,10900000,100000,*,27,0,0
chr11,10900001,11000000,100000,*,10,0,0
chr11,11000001,11100000,100000,*,15,0,0
chr11,11100001,11200000,100000,*,13,0,0
chr11,11200001,11300000,100000,*,31,0,0
chr11,11300001,11400000,100000,*,19,0,0
chr11,11400001,11500000,100000,*,20,0,0
chr11,11500001,11600000,100000,*,14,0,0
chr11,11600001,11700000,100000,*,30,0,0
chr11,11700001,11800000,100000,*,26,0,0
chr11,11800001,11900000,100000,*,22,0,0
chr11,11900001,12000000,100000,*,6,0,0
chr11,12000001,12100000,100000,*,17,0,0
chr11,12100001,12200000,100000,*,22,0,0
chr11,12200001,12300000,100000,*,30,0,0
chr11,12300001,12400000,100000,*,40,0,0
chr11,12400001,12500000,100000,*,21,0,0
chr11,12500001,12600000,100000,*,12,0,0
chr11,12600001,12700000,100000,*,17,0,0
chr11,12700001,12800000,100000,*,6,0,0
chr11,12800001,12900000,100000,*,23,0,0
chr11,12900001,13000000,100000,*,19,0,0
chr11,13000001,13100000,100000,*,30,0,0
chr11,13100001,13200000,100000,*,15,0,0
chr11,13200001,13300000,100000,*,17,0,0
chr11,13300001,13400000,100000,*,19,0,0
chr11,13400001,13500000,100000,*,11,0,0
chr11,13500001,13600000,100000,*,18,0,0
chr11,13600001,13700000,100000,*,26,0,0
chr11,13700001,13800000,100000,*,33,0,0
chr11,13800001,13900000,100000,*,24,0,0
chr11,13900001,14000000,100000,*,17,0,0
chr11,14000001,14100000,100000,*,24,0,0
chr11,14100001,14200000,100000,*,33,0,0
chr11,14200001,14300000,100000,*,14,0,0
chr11,14300001,14400000,100000,*,19,0,0
chr11,14400001,14500000,100000,*,16,0,0
chr11,14500001,14600000,100000,*,11,0,0
chr11,14600001,14700000,100000,*,19,0,0
chr11,14700001,14800000,100000,*,17,0,0
chr11,14800001,14900000,100000,*,7,0,0
chr11,14900001,15000000,100000,*,18,0,0
chr11,15000001,15100000,100000,*,16,0,0
chr11,15100001,15200000,100000,*,12,0,0
chr11,15200001,15300000,100000,*,20,0,0
chr11,15300001,15400000,100000,*,26,0,0
chr11,15400001,15500000,100000,*,13,0,0
chr11,15500001,15600000,100000,*,20,0,0
chr11,15600001,15700000,100000,*,43,0,0
chr11,15700001,15800000,100000,*,17,0,0
chr11,15800001,15900000,100000,*,14,0,0
chr11,15900001,16000000,100000,*,20,0,0
chr11,16000001,16100000,100000,*,8,0,0
chr11,16100001,16200000,100000,*,27,0,0
chr11,16200001,16300000,100000,*,15,0,0
chr11,16300001,16400000,100000,*,22,0,0
chr11,16400001,16500000,100000,*,27,0,0
chr11,16500001,16600000,100000,*,16,0,0
chr11,16600001,16700000,100000,*,17,0,0
chr11,16700001,16800000,100000,*,19,0,0
chr11,16800001,16900000,100000,*,15,0,0
chr11,16900001,17000000,100000,*,23,0,0
chr11,17000001,17100000,100000,*,14,0,0
chr11,17100001,17200000,100000,*,14,0,0
chr11,17200001,17300000,100000,*,15,0,0
chr11,17300001,17400000,100000,*,14,0,0
chr11,17400001,17500000,100000,*,8,0,0
chr11,17500001,17600000,100000,*,18,0,0
chr11,17600001,17700000,100000,*,16,0,0
chr11,17700001,17800000,100000,*,22,0,0
chr11,17800001,17900000,100000,*,10,0,0
chr11,17900001,18000000,100000,*,15,0,0
chr11,18000001,18100000,100000,*,30,0,0
chr11,18100001,18200000,100000,*,37,0,0
chr11,18200001,18300000,100000,*,34,0,0
chr11,18300001,18400000,100000,*,20,0,0
chr11,18400001,18500000,100000,*,20,0,0
chr11,18500001,18600000,100000,*,22,0,0
chr11,18600001,18700000,100000,*,28,0,0
chr11,18700001,18800000,100000,*,19,0,0
chr11,18800001,18900000,100000,*,19,0,0
chr11,18900001,19000000,100000,*,36,0,0
chr11,19000001,19100000,100000,*,38,0,0
chr11,19100001,19200000,100000,*,38,0,0
chr11,19200001,19300000,100000,*,34,0,0
chr11,19300001,19400000,100000,*,19,0,0
chr11,19400001,19500000,100000,*,32,0,0
chr11,19500001,19600000,100000,*,20,0,0
chr11,19600001,19700000,100000,*,29,0,0
chr11,19700001,19800000,100000,*,35,0,0
chr11,19800001,19900000,100000,*,21,0,0
chr11,19900001,20000000,100000,*,31,0,0
chr11,20000001,20100000,100000,*,13,0,0
chr11,20100001,20200000,100000,*,11,0,0
chr11,20200001,20300000,100000,*,28,0,0
chr11,20300001,20400000,100000,*,30,0,0
chr11,20400001,20500000,100000,*,30,0,0
chr11,20500001,20600000,100000,*,25,0,0
chr11,20600001,20700000,100000,*,35,0,0
chr11,20700001,20800000,100000,*,24,0,0
chr11,20800001,20900000,100000,*,15,0,0
chr11,20900001,21000000,100000,*,21,0,0
chr11,21000001,21100000,100000,*,23,0,0
chr11,21100001,21200000,100000,*,20,0,0
chr11,21200001,21300000,100000,*,14,0,0
chr11,21300001,21400000,100000,*,12,0,0
chr11,21400001,21500000,100000,*,12,0,0
chr11,21500001,21600000,100000,*,15,0,0
chr11,21600001,21700000,100000,*,23,0,0
chr11,21700001,21800000,100000,*,30,0,0
chr11,21800001,21900000,100000,*,15,0,0
chr11,21900001,22000000,100000,*,32,0,0
chr11,22000001,22100000,100000,*,17,0,0
chr11,22100001,22200000,100000,*,21,0,0
chr11,22200001,22300000,100000,*,23,0,0
chr11,22300001,22400000,100000,*,16,0,0
chr11,22400001,22500000,100000,*,28,0,0
chr11,22500001,22600000,100000,*,20,0,0
chr11,22600001,22700000,100000,*,27,0,0
chr11,22700001,22800000,100000,*,13,0,0
chr11,22800001,22900000,100000,*,20,0,0
chr11,22900001,23000000,100000,*,17,0,0
chr11,23000001,23100000,100000,*,11,0,0
chr11,23100001,23200000,100000,*,21,0,0
chr11,23200001,23300000,100000,*,25,0,0
chr11,23300001,23400000,100000,*,22,0,0
chr11,23400001,23500000,100000,*,25,0,0
chr11,23500001,23600000,100000,*,22,0,0
chr11,23600001,23700000,100000,*,24,0,0
chr11,23700001,23800000,100000,*,16,0,0
chr11,23800001,23900000,100000,*,19,0,0
chr11,23900001,24000000,100000,*,17,0,0
chr11,24000001,24100000,100000,*,16,0,0
chr11,24100001,24200000,100000,*,14,0,0
chr11,24200001,24300000,100000,*,14,0,0
chr11,24300001,24400000,100000,*,31,0,0
chr11,24400001,24500000,100000,*,15,0,0
chr11,24500001,24600000,100000,*,12,0,0
chr11,24600001,24700000,100000,*,7,0,0
chr11,24700001,24800000,100000,*,13,0,0
chr11,24800001,24900000,100000,*,37,0,0
chr11,24900001,25000000,100000,*,21,0,0
chr11,25000001,25100000,100000,*,21,0,0
chr11,25100001,25200000,100000,*,11,0,0
chr11,25200001,25300000,100000,*,16,0,0
chr11,25300001,25400000,100000,*,23,0,0
chr11,25400001,25500000,100000,*,17,0,0
chr11,25500001,25600000,100000,*,26,0,0
chr11,25600001,25700000,100000,*,21,0,0
chr11,25700001,25800000,100000,*,12,0,0
chr11,25800001,25900000,100000,*,19,0,0
chr11,25900001,26000000,100000,*,29,0,0
chr11,26000001,26100000,100000,*,12,0,0
chr11,26100001,26200000,100000,*,20,0,0
chr11,26200001,26300000,100000,*,8,0,0
chr11,26300001,26400000,100000,*,22,0,0
chr11,26400001,26500000,100000,*,17,0,0
chr11,26500001,26600000,100000,*,22,0,0
chr11,26600001,26700000,100000,*,10,0,0
chr11,26700001,26800000,100000,*,30,0,0
chr11,26800001,26900000,100000,*,21,0,0
chr11,26900001,27000000,100000,*,2,0,0
chr11,27000001,27100000,100000,*,3,0,0
chr11,27100001,27200000,100000,*,0,0,NA
chr11,27200001,27300000,100000,*,11,0,0
chr11,27300001,27400000,100000,*,6,0,0
chr11,27400001,27500000,100000,*,7,0,0
chr11,27500001,27600000,100000,*,3,0,0
chr11,27600001,27642951,42951,*,0,0,NA
chr12,1,100000,100000,*,23,0,0
chr12,100001,200000,100000,*,18,0,0
chr12,200001,300000,100000,*,9,0,0
chr12,300001,400000,100000,*,12,0,0
chr12,400001,500000,100000,*,17,0,0
chr12,500001,600000,100000,*,3,0,0
chr12,600001,700000,100000,*,20,0,0
chr12,700001,800000,100000,*,19,0,0
chr12,800001,900000,100000,*,22,0,0
chr12,900001,1000000,100000,*,18,0,0
chr12,1000001,1100000,100000,*,11,0,0
chr12,1100001,1200000,100000,*,15,0,0
chr12,1200001,1300000,100000,*,18,0,0
chr12,1300001,1400000,100000,*,13,0,0
chr12,1400001,1500000,100000,*,21,0,0
chr12,1500001,1600000,100000,*,19,0,0
chr12,1600001,1700000,100000,*,25,0,0
chr12,1700001,1800000,100000,*,23,0,0
chr12,1800001,1900000,100000,*,6,0,0
chr12,1900001,2000000,100000,*,28,0,0
chr12,2000001,2100000,100000,*,16,0,0
chr12,2100001,2200000,100000,*,9,0,0
chr12,2200001,2300000,100000,*,24,0,0
chr12,2300001,2400000,100000,*,18,0,0
chr12,2400001,2500000,100000,*,14,0,0
chr12,2500001,2600000,100000,*,18,0,0
chr12,2600001,2700000,100000,*,23,0,0
chr12,2700001,2800000,100000,*,19,0,0
chr12,2800001,2900000,100000,*,11,0,0
chr12,2900001,3000000,100000,*,16,0,0
chr12,3000001,3100000,100000,*,21,0,0
chr12,3100001,3200000,100000,*,15,0,0
chr12,3200001,3300000,100000,*,14,0,0
chr12,3300001,3400000,100000,*,8,0,0
chr12,3400001,3500000,100000,*,19,0,0
chr12,3500001,3600000,100000,*,21,0,0
chr12,3600001,3700000,100000,*,16,0,0
chr12,3700001,3800000,100000,*,10,0,0
chr12,3800001,3900000,100000,*,22,0,0
chr12,3900001,4000000,100000,*,25,0,0
chr12,4000001,4100000,100000,*,22,0,0
chr12,4100001,4200000,100000,*,17,0,0
chr12,4200001,4300000,100000,*,11,0,0
chr12,4300001,4400000,100000,*,14,0,0
chr12,4400001,4500000,100000,*,21,0,0
chr12,4500001,4600000,100000,*,45,0,0
chr12,4600001,4700000,100000,*,13,0,0
chr12,4700001,4800000,100000,*,13,0,0
chr12,4800001,4900000,100000,*,23,0,0
chr12,4900001,5000000,100000,*,32,0,0
chr12,5000001,5100000,100000,*,20,0,0
chr12,5100001,5200000,100000,*,18,0,0
chr12,5200001,5300000,100000,*,18,0,0
chr12,5300001,5400000,100000,*,16,0,0
chr12,5400001,5500000,100000,*,5,0,0
chr12,5500001,5600000,100000,*,18,0,0
chr12,5600001,5700000,100000,*,16,0,0
chr12,5700001,5800000,100000,*,25,0,0
chr12,5800001,5900000,100000,*,29,0,0
chr12,5900001,6000000,100000,*,30,0,0
chr12,6000001,6100000,100000,*,20,0,0
chr12,6100001,6200000,100000,*,5,0,0
chr12,6200001,6300000,100000,*,28,0,0
chr12,6300001,6400000,100000,*,23,0,0
chr12,6400001,6500000,100000,*,12,0,0
chr12,6500001,6600000,100000,*,12,0,0
chr12,6600001,6700000,100000,*,29,0,0
chr12,6700001,6800000,100000,*,16,0,0
chr12,6800001,6900000,100000,*,15,0,0
chr12,6900001,7000000,100000,*,20,0,0
chr12,7000001,7100000,100000,*,16,0,0
chr12,7100001,7200000,100000,*,15,0,0
chr12,7200001,7300000,100000,*,21,0,0
chr12,7300001,7400000,100000,*,22,0,0
chr12,7400001,7500000,100000,*,14,0,0
chr12,7500001,7600000,100000,*,19,0,0
chr12,7600001,7700000,100000,*,11,0,0
chr12,7700001,7800000,100000,*,26,0,0
chr12,7800001,7900000,100000,*,27,0,0
chr12,7900001,8000000,100000,*,37,0,0
chr12,8000001,8100000,100000,*,22,0,0
chr12,8100001,8200000,100000,*,27,0,0
chr12,8200001,8300000,100000,*,21,0,0
chr12,8300001,8400000,100000,*,24,0,0
chr12,8400001,8500000,100000,*,20,0,0
chr12,8500001,8600000,100000,*,17,0,0
chr12,8600001,8700000,100000,*,19,0,0
chr12,8700001,8800000,100000,*,30,0,0
chr12,8800001,8900000,100000,*,13,0,0
chr12,8900001,9000000,100000,*,31,0,0
chr12,9000001,9100000,100000,*,18,0,0
chr12,9100001,9200000,100000,*,18,0,0
chr12,9200001,9300000,100000,*,33,0,0
chr12,9300001,9400000,100000,*,29,0,0
chr12,9400001,9500000,100000,*,28,0,0
chr12,9500001,9600000,100000,*,27,0,0
chr12,9600001,9700000,100000,*,25,0,0
chr12,9700001,9800000,100000,*,26,0,0
chr12,9800001,9900000,100000,*,26,0,0
chr12,9900001,10000000,100000,*,23,0,0
chr12,10000001,10100000,100000,*,21,0,0
chr12,10100001,10200000,100000,*,26,0,0
chr12,10200001,10300000,100000,*,25,0,0
chr12,10300001,10400000,100000,*,23,0,0
chr12,10400001,10500000,100000,*,19,0,0
chr12,10500001,10600000,100000,*,22,0,0
chr12,10600001,10700000,100000,*,23,0,0
chr12,10700001,10800000,100000,*,24,0,0
chr12,10800001,10900000,100000,*,22,0,0
chr12,10900001,11000000,100000,*,13,0,0
chr12,11000001,11100000,100000,*,27,0,0
chr12,11100001,11200000,100000,*,18,0,0
chr12,11200001,11300000,100000,*,27,0,0
chr12,11300001,11400000,100000,*,9,0,0
chr12,11400001,11500000,100000,*,28,0,0
chr12,11500001,11600000,100000,*,17,0,0
chr12,11600001,11700000,100000,*,19,0,0
chr12,11700001,11800000,100000,*,12,0,0
chr12,11800001,11900000,100000,*,30,0,0
chr12,11900001,12000000,100000,*,10,0,0
chr12,12000001,12100000,100000,*,9,0,0
chr12,12100001,12200000,100000,*,5,0,0
chr12,12200001,12300000,100000,*,18,0,0
chr12,12300001,12400000,100000,*,29,0,0
chr12,12400001,12500000,100000,*,9,0,0
chr12,12500001,12600000,100000,*,25,0,0
chr12,12600001,12700000,100000,*,16,0,0
chr12,12700001,12800000,100000,*,20,0,0
chr12,12800001,12900000,100000,*,21,0,0
chr12,12900001,13000000,100000,*,14,0,0
chr12,13000001,13100000,100000,*,14,0,0
chr12,13100001,13200000,100000,*,12,0,0
chr12,13200001,13300000,100000,*,17,0,0
chr12,13300001,13400000,100000,*,21,0,0
chr12,13400001,13500000,100000,*,39,0,0
chr12,13500001,13600000,100000,*,12,0,0
chr12,13600001,13700000,100000,*,31,0,0
chr12,13700001,13800000,100000,*,20,0,0
chr12,13800001,13900000,100000,*,14,0,0
chr12,13900001,14000000,100000,*,25,0,0
chr12,14000001,14100000,100000,*,17,0,0
chr12,14100001,14200000,100000,*,12,0,0
chr12,14200001,14300000,100000,*,14,0,0
chr12,14300001,14400000,100000,*,15,0,0
chr12,14400001,14500000,100000,*,20,0,0
chr12,14500001,14600000,100000,*,15,0,0
chr12,14600001,14700000,100000,*,13,0,0
chr12,14700001,14800000,100000,*,13,0,0
chr12,14800001,14900000,100000,*,11,0,0
chr12,14900001,15000000,100000,*,16,0,0
chr12,15000001,15100000,100000,*,12,0,0
chr12,15100001,15200000,100000,*,34,0,0
chr12,15200001,15300000,100000,*,13,0,0
chr12,15300001,15400000,100000,*,19,0,0
chr12,15400001,15500000,100000,*,17,0,0
chr12,15500001,15600000,100000,*,12,0,0
chr12,15600001,15700000,100000,*,15,0,0
chr12,15700001,15800000,100000,*,6,0,0
chr12,15800001,15900000,100000,*,12,0,0
chr12,15900001,16000000,100000,*,8,0,0
chr12,16000001,16100000,100000,*,21,0,0
chr12,16100001,16200000,100000,*,2,0,0
chr12,16200001,16300000,100000,*,18,0,0
chr12,16300001,16400000,100000,*,8,0,0
chr12,16400001,16500000,100000,*,16,0,0
chr12,16500001,16600000,100000,*,4,0,0
chr12,16600001,16700000,100000,*,14,0,0
chr12,16700001,16800000,100000,*,6,0,0
chr12,16800001,16900000,100000,*,10,0,0
chr12,16900001,17000000,100000,*,18,0,0
chr12,17000001,17100000,100000,*,15,0,0
chr12,17100001,17200000,100000,*,12,0,0
chr12,17200001,17300000,100000,*,6,0,0
chr12,17300001,17400000,100000,*,6,0,0
chr12,17400001,17500000,100000,*,7,0,0
chr12,17500001,17600000,100000,*,9,0,0
chr12,17600001,17700000,100000,*,8,0,0
chr12,17700001,17800000,100000,*,11,0,0
chr12,17800001,17900000,100000,*,4,0,0
chr12,17900001,18000000,100000,*,9,0,0
chr12,18000001,18100000,100000,*,20,0,0
chr12,18100001,18200000,100000,*,10,0,0
chr12,18200001,18300000,100000,*,8,0,0
chr12,18300001,18400000,100000,*,3,0,0
chr12,18400001,18500000,100000,*,3,0,0
chr12,18500001,18600000,100000,*,7,0,0
chr12,18600001,18700000,100000,*,5,0,0
chr12,18700001,18800000,100000,*,3,0,0
chr12,18800001,18900000,100000,*,4,0,0
chr12,18900001,19000000,100000,*,6,0,0
chr12,19000001,19100000,100000,*,6,0,0
chr12,19100001,19200000,100000,*,5,0,0
chr12,19200001,19300000,100000,*,9,0,0
chr12,19300001,19400000,100000,*,8,0,0
chr12,19400001,19500000,100000,*,14,0,0
chr12,19500001,19600000,100000,*,13,0,0
chr12,19600001,19700000,100000,*,8,0,0
chr12,19700001,19800000,100000,*,18,0,0
chr12,19800001,19900000,100000,*,27,0,0
chr12,19900001,20000000,100000,*,10,0,0
chr12,20000001,20100000,100000,*,4,0,0
chr12,20100001,20200000,100000,*,8,0,0
chr12,20200001,20300000,100000,*,9,0,0
chr12,20300001,20400000,100000,*,10,0,0
chr12,20400001,20500000,100000,*,1,0,0
chr12,20500001,20600000,100000,*,4,0,0
chr12,20600001,20700000,100000,*,3,0,0
chr12,20700001,20800000,100000,*,2,0,0
chr12,20800001,20900000,100000,*,10,0,0
chr12,20900001,21000000,100000,*,4,0,0
chr12,21000001,21100000,100000,*,3,0,0
chr12,21100001,21200000,100000,*,6,0,0
chr12,21200001,21300000,100000,*,11,0,0
chr12,21300001,21400000,100000,*,9,0,0
chr12,21400001,21500000,100000,*,9,0,0
chr12,21500001,21600000,100000,*,8,0,0
chr12,21600001,21700000,100000,*,9,0,0
chr12,21700001,21800000,100000,*,7,0,0
chr12,21800001,21900000,100000,*,4,0,0
chr12,21900001,22000000,100000,*,6,0,0
chr12,22000001,22100000,100000,*,4,0,0
chr12,22100001,22200000,100000,*,4,0,0
chr12,22200001,22300000,100000,*,6,0,0
chr12,22300001,22400000,100000,*,16,0,0
chr12,22400001,22500000,100000,*,15,0,0
chr12,22500001,22600000,100000,*,10,0,0
chr12,22600001,22700000,100000,*,4,0,0
chr12,22700001,22800000,100000,*,5,0,0
chr12,22800001,22900000,100000,*,5,0,0
chr12,22900001,23000000,100000,*,8,0,0
chr12,23000001,23100000,100000,*,8,0,0
chr12,23100001,23200000,100000,*,10,0,0
chr12,23200001,23300000,100000,*,8,0,0
chr12,23300001,23400000,100000,*,16,0,0
chr12,23400001,23500000,100000,*,15,0,0
chr12,23500001,23600000,100000,*,11,0,0
chr12,23600001,23700000,100000,*,8,0,0
chr12,23700001,23800000,100000,*,8,0,0
chr12,23800001,23900000,100000,*,6,0,0
chr12,23900001,24000000,100000,*,10,0,0
chr12,24000001,24100000,100000,*,6,0,0
chr12,24100001,24200000,100000,*,7,0,0
chr12,24200001,24300000,100000,*,7,0,0
chr12,24300001,24400000,100000,*,4,0,0
chr12,24400001,24500000,100000,*,5,0,0
chr12,24500001,24600000,100000,*,7,0,0
chr12,24600001,24700000,100000,*,10,0,0
chr12,24700001,24725123,25123,*,1,0,0
chr13,1,100000,100000,*,12,0,0
chr13,100001,200000,100000,*,4,0,0
chr13,200001,300000,100000,*,23,0,0
chr13,300001,400000,100000,*,14,0,0
chr13,400001,500000,100000,*,10,0,0
chr13,500001,600000,100000,*,13,0,0
chr13,600001,700000,100000,*,11,0,0
chr13,700001,800000,100000,*,13,0,0
chr13,800001,900000,100000,*,11,0,0
chr13,900001,1000000,100000,*,12,0,0
chr13,1000001,1100000,100000,*,6,0,0
chr13,1100001,1200000,100000,*,16,0,0
chr13,1200001,1300000,100000,*,10,0,0
chr13,1300001,1400000,100000,*,15,0,0
chr13,1400001,1500000,100000,*,15,0,0
chr13,1500001,1600000,100000,*,15,0,0
chr13,1600001,1700000,100000,*,8,0,0
chr13,1700001,1800000,100000,*,11,0,0
chr13,1800001,1900000,100000,*,12,0,0
chr13,1900001,2000000,100000,*,11,0,0
chr13,2000001,2100000,100000,*,11,0,0
chr13,2100001,2200000,100000,*,9,0,0
chr13,2200001,2300000,100000,*,14,0,0
chr13,2300001,2400000,100000,*,7,0,0
chr13,2400001,2500000,100000,*,11,0,0
chr13,2500001,2600000,100000,*,15,0,0
chr13,2600001,2700000,100000,*,8,0,0
chr13,2700001,2800000,100000,*,16,0,0
chr13,2800001,2900000,100000,*,19,0,0
chr13,2900001,3000000,100000,*,13,0,0
chr13,3000001,3100000,100000,*,14,0,0
chr13,3100001,3200000,100000,*,19,0,0
chr13,3200001,3300000,100000,*,11,0,0
chr13,3300001,3400000,100000,*,12,0,0
chr13,3400001,3500000,100000,*,14,0,0
chr13,3500001,3600000,100000,*,23,0,0
chr13,3600001,3700000,100000,*,15,0,0
chr13,3700001,3800000,100000,*,9,0,0
chr13,3800001,3900000,100000,*,15,0,0
chr13,3900001,4000000,100000,*,6,0,0
chr13,4000001,4100000,100000,*,14,0,0
chr13,4100001,4200000,100000,*,14,0,0
chr13,4200001,4300000,100000,*,12,0,0
chr13,4300001,4400000,100000,*,12,0,0
chr13,4400001,4500000,100000,*,16,0,0
chr13,4500001,4600000,100000,*,10,0,0
chr13,4600001,4700000,100000,*,27,0,0
chr13,4700001,4800000,100000,*,20,0,0
chr13,4800001,4900000,100000,*,34,0,0
chr13,4900001,5000000,100000,*,13,0,0
chr13,5000001,5100000,100000,*,17,0,0
chr13,5100001,5200000,100000,*,27,0,0
chr13,5200001,5300000,100000,*,21,0,0
chr13,5300001,5400000,100000,*,14,0,0
chr13,5400001,5500000,100000,*,14,0,0
chr13,5500001,5600000,100000,*,10,0,0
chr13,5600001,5700000,100000,*,13,0,0
chr13,5700001,5800000,100000,*,10,0,0
chr13,5800001,5900000,100000,*,10,0,0
chr13,5900001,6000000,100000,*,4,0,0
chr13,6000001,6100000,100000,*,6,0,0
chr13,6100001,6200000,100000,*,9,0,0
chr13,6200001,6300000,100000,*,16,0,0
chr13,6300001,6400000,100000,*,10,0,0
chr13,6400001,6500000,100000,*,9,0,0
chr13,6500001,6600000,100000,*,7,0,0
chr13,6600001,6700000,100000,*,35,0,0
chr13,6700001,6800000,100000,*,33,0,0
chr13,6800001,6900000,100000,*,32,0,0
chr13,6900001,7000000,100000,*,35,0,0
chr13,7000001,7100000,100000,*,39,0,0
chr13,7100001,7200000,100000,*,33,0,0
chr13,7200001,7300000,100000,*,35,0,0
chr13,7300001,7400000,100000,*,30,0,0
chr13,7400001,7500000,100000,*,30,0,0
chr13,7500001,7600000,100000,*,47,0,0
chr13,7600001,7700000,100000,*,34,0,0
chr13,7700001,7800000,100000,*,25,0,0
chr13,7800001,7900000,100000,*,26,0,0
chr13,7900001,8000000,100000,*,40,0,0
chr13,8000001,8100000,100000,*,29,0,0
chr13,8100001,8200000,100000,*,43,0,0
chr13,8200001,8300000,100000,*,42,0,0
chr13,8300001,8400000,100000,*,29,0,0
chr13,8400001,8500000,100000,*,32,0,0
chr13,8500001,8600000,100000,*,29,0,0
chr13,8600001,8700000,100000,*,27,0,0
chr13,8700001,8800000,100000,*,30,0,0
chr13,8800001,8900000,100000,*,25,0,0
chr13,8900001,9000000,100000,*,23,0,0
chr13,9000001,9100000,100000,*,31,0,0
chr13,9100001,9200000,100000,*,25,0,0
chr13,9200001,9300000,100000,*,28,0,0
chr13,9300001,9400000,100000,*,18,0,0
chr13,9400001,9500000,100000,*,34,0,0
chr13,9500001,9600000,100000,*,41,0,0
chr13,9600001,9700000,100000,*,32,0,0
chr13,9700001,9800000,100000,*,29,0,0
chr13,9800001,9900000,100000,*,22,0,0
chr13,9900001,10000000,100000,*,37,0,0
chr13,10000001,10100000,100000,*,28,0,0
chr13,10100001,10200000,100000,*,34,0,0
chr13,10200001,10300000,100000,*,23,0,0
chr13,10300001,10400000,100000,*,22,0,0
chr13,10400001,10500000,100000,*,34,0,0
chr13,10500001,10600000,100000,*,36,0,0
chr13,10600001,10700000,100000,*,34,0,0
chr13,10700001,10800000,100000,*,31,0,0
chr13,10800001,10900000,100000,*,28,0,0
chr13,10900001,11000000,100000,*,26,0,0
chr13,11000001,11100000,100000,*,32,0,0
chr13,11100001,11200000,100000,*,20,0,0
chr13,11200001,11300000,100000,*,27,0,0
chr13,11300001,11400000,100000,*,22,0,0
chr13,11400001,11500000,100000,*,27,0,0
chr13,11500001,11600000,100000,*,9,0,0
chr13,11600001,11700000,100000,*,8,0,0
chr13,11700001,11800000,100000,*,7,0,0
chr13,11800001,11900000,100000,*,10,0,0
chr13,11900001,12000000,100000,*,27,0,0
chr13,12000001,12100000,100000,*,12,0,0
chr13,12100001,12200000,100000,*,10,0,0
chr13,12200001,12300000,100000,*,9,0,0
chr13,12300001,12400000,100000,*,20,0,0
chr13,12400001,12500000,100000,*,20,0,0
chr13,12500001,12600000,100000,*,11,0,0
chr13,12600001,12700000,100000,*,14,0,0
chr13,12700001,12800000,100000,*,22,0,0
chr13,12800001,12900000,100000,*,12,0,0
chr13,12900001,13000000,100000,*,19,0,0
chr13,13000001,13100000,100000,*,26,0,0
chr13,13100001,13200000,100000,*,26,0,0
chr13,13200001,13300000,100000,*,16,0,0
chr13,13300001,13400000,100000,*,15,0,0
chr13,13400001,13500000,100000,*,20,0,0
chr13,13500001,13600000,100000,*,27,0,0
chr13,13600001,13700000,100000,*,20,0,0
chr13,13700001,13800000,100000,*,23,0,0
chr13,13800001,13900000,100000,*,15,0,0
chr13,13900001,14000000,100000,*,14,0,0
chr13,14000001,14100000,100000,*,16,0,0
chr13,14100001,14200000,100000,*,22,0,0
chr13,14200001,14300000,100000,*,7,0,0
chr13,14300001,14400000,100000,*,17,0,0
chr13,14400001,14500000,100000,*,12,0,0
chr13,14500001,14600000,100000,*,30,0,0
chr13,14600001,14700000,100000,*,14,0,0
chr13,14700001,14800000,100000,*,11,0,0
chr13,14800001,14900000,100000,*,26,0,0
chr13,14900001,15000000,100000,*,12,0,0
chr13,15000001,15100000,100000,*,17,0,0
chr13,15100001,15200000,100000,*,18,0,0
chr13,15200001,15300000,100000,*,12,0,0
chr13,15300001,15400000,100000,*,21,0,0
chr13,15400001,15500000,100000,*,15,0,0
chr13,15500001,15600000,100000,*,8,0,0
chr13,15600001,15700000,100000,*,11,0,0
chr13,15700001,15800000,100000,*,23,0,0
chr13,15800001,15900000,100000,*,5,0,0
chr13,15900001,16000000,100000,*,13,0,0
chr13,16000001,16100000,100000,*,12,0,0
chr13,16100001,16200000,100000,*,11,0,0
chr13,16200001,16300000,100000,*,9,0,0
chr13,16300001,16400000,100000,*,15,0,0
chr13,16400001,16500000,100000,*,17,0,0
chr13,16500001,16600000,100000,*,6,0,0
chr13,16600001,16700000,100000,*,13,0,0
chr13,16700001,16800000,100000,*,6,0,0
chr13,16800001,16900000,100000,*,16,0,0
chr13,16900001,17000000,100000,*,8,0,0
chr13,17000001,17100000,100000,*,13,0,0
chr13,17100001,17200000,100000,*,6,0,0
chr13,17200001,17300000,100000,*,5,0,0
chr13,17300001,17400000,100000,*,7,0,0
chr13,17400001,17500000,100000,*,14,0,0
chr13,17500001,17600000,100000,*,14,0,0
chr13,17600001,17700000,100000,*,7,0,0
chr13,17700001,17800000,100000,*,6,0,0
chr13,17800001,17900000,100000,*,11,0,0
chr13,17900001,18000000,100000,*,6,0,0
chr13,18000001,18100000,100000,*,9,0,0
chr13,18100001,18200000,100000,*,11,0,0
chr13,18200001,18300000,100000,*,2,0,0
chr13,18300001,18400000,100000,*,14,0,0
chr13,18400001,18500000,100000,*,9,0,0
chr13,18500001,18600000,100000,*,9,0,0
chr13,18600001,18700000,100000,*,12,0,0
chr13,18700001,18800000,100000,*,10,0,0
chr13,18800001,18900000,100000,*,3,0,0
chr13,18900001,19000000,100000,*,3,0,0
chr13,19000001,19100000,100000,*,5,0,0
chr13,19100001,19200000,100000,*,7,0,0
chr13,19200001,19300000,100000,*,6,0,0
chr13,19300001,19400000,100000,*,16,0,0
chr13,19400001,19500000,100000,*,6,0,0
chr13,19500001,19600000,100000,*,13,0,0
chr13,19600001,19700000,100000,*,9,0,0
chr13,19700001,19800000,100000,*,14,0,0
chr13,19800001,19900000,100000,*,3,0,0
chr13,19900001,20000000,100000,*,3,0,0
chr13,20000001,20100000,100000,*,7,0,0
chr13,20100001,20200000,100000,*,10,0,0
chr13,20200001,20300000,100000,*,2,0,0
chr13,20300001,20400000,100000,*,5,0,0
chr13,20400001,20500000,100000,*,13,0,0
chr13,20500001,20600000,100000,*,7,0,0
chr13,20600001,20700000,100000,*,7,0,0
chr13,20700001,20800000,100000,*,6,0,0
chr13,20800001,20900000,100000,*,14,0,0
chr13,20900001,21000000,100000,*,5,0,0
chr13,21000001,21100000,100000,*,8,0,0
chr13,21100001,21200000,100000,*,14,0,0
chr13,21200001,21300000,100000,*,8,0,0
chr13,21300001,21400000,100000,*,13,0,0
chr13,21400001,21500000,100000,*,10,0,0
chr13,21500001,21600000,100000,*,17,0,0
chr13,21600001,21700000,100000,*,18,0,0
chr13,21700001,21800000,100000,*,7,0,0
chr13,21800001,21900000,100000,*,7,0,0
chr13,21900001,22000000,100000,*,1,0,0
chr13,22000001,22100000,100000,*,5,0,0
chr13,22100001,22200000,100000,*,8,0,0
chr13,22200001,22300000,100000,*,11,0,0
chr13,22300001,22400000,100000,*,16,0,0
chr13,22400001,22500000,100000,*,5,0,0
chr13,22500001,22600000,100000,*,13,0,0
chr13,22600001,22700000,100000,*,14,0,0
chr13,22700001,22800000,100000,*,5,0,0
chr13,22800001,22900000,100000,*,5,0,0
chr13,22900001,23000000,100000,*,11,0,0
chr13,23000001,23100000,100000,*,5,0,0
chr13,23100001,23200000,100000,*,3,0,0
chr13,23200001,23209782,9782,*,3,0,0
chr14,1,100000,100000,*,21,0,0
chr14,100001,200000,100000,*,9,0,0
chr14,200001,300000,100000,*,2,0,0
chr14,300001,400000,100000,*,6,0,0
chr14,400001,500000,100000,*,6,0,0
chr14,500001,600000,100000,*,20,0,0
chr14,600001,700000,100000,*,3,0,0
chr14,700001,800000,100000,*,7,0,0
chr14,800001,900000,100000,*,5,0,0
chr14,900001,1000000,100000,*,4,0,0
chr14,1000001,1100000,100000,*,5,0,0
chr14,1100001,1200000,100000,*,7,0,0
chr14,1200001,1300000,100000,*,7,0,0
chr14,1300001,1400000,100000,*,11,0,0
chr14,1400001,1500000,100000,*,8,0,0
chr14,1500001,1600000,100000,*,4,0,0
chr14,1600001,1700000,100000,*,7,0,0
chr14,1700001,1800000,100000,*,23,0,0
chr14,1800001,1900000,100000,*,13,0,0
chr14,1900001,2000000,100000,*,5,0,0
chr14,2000001,2100000,100000,*,4,0,0
chr14,2100001,2200000,100000,*,10,0,0
chr14,2200001,2300000,100000,*,3,0,0
chr14,2300001,2400000,100000,*,13,0,0
chr14,2400001,2500000,100000,*,12,0,0
chr14,2500001,2600000,100000,*,9,0,0
chr14,2600001,2700000,100000,*,5,0,0
chr14,2700001,2800000,100000,*,14,0,0
chr14,2800001,2900000,100000,*,11,0,0
chr14,2900001,3000000,100000,*,16,0,0
chr14,3000001,3100000,100000,*,3,0,0
chr14,3100001,3200000,100000,*,7,0,0
chr14,3200001,3300000,100000,*,11,0,0
chr14,3300001,3400000,100000,*,2,0,0
chr14,3400001,3500000,100000,*,4,0,0
chr14,3500001,3600000,100000,*,9,0,0
chr14,3600001,3700000,100000,*,10,0,0
chr14,3700001,3800000,100000,*,10,0,0
chr14,3800001,3900000,100000,*,17,0,0
chr14,3900001,4000000,100000,*,10,0,0
chr14,4000001,4100000,100000,*,3,0,0
chr14,4100001,4200000,100000,*,8,0,0
chr14,4200001,4300000,100000,*,9,0,0
chr14,4300001,4400000,100000,*,4,0,0
chr14,4400001,4500000,100000,*,11,0,0
chr14,4500001,4600000,100000,*,5,0,0
chr14,4600001,4700000,100000,*,5,0,0
chr14,4700001,4800000,100000,*,4,0,0
chr14,4800001,4900000,100000,*,8,0,0
chr14,4900001,5000000,100000,*,3,0,0
chr14,5000001,5100000,100000,*,5,0,0
chr14,5100001,5200000,100000,*,9,0,0
chr14,5200001,5300000,100000,*,0,0,NA
chr14,5300001,5400000,100000,*,3,0,0
chr14,5400001,5500000,100000,*,10,0,0
chr14,5500001,5600000,100000,*,5,0,0
chr14,5600001,5700000,100000,*,17,0,0
chr14,5700001,5800000,100000,*,5,0,0
chr14,5800001,5900000,100000,*,3,0,0
chr14,5900001,6000000,100000,*,9,0,0
chr14,6000001,6100000,100000,*,6,0,0
chr14,6100001,6200000,100000,*,12,0,0
chr14,6200001,6300000,100000,*,9,0,0
chr14,6300001,6400000,100000,*,10,0,0
chr14,6400001,6500000,100000,*,6,0,0
chr14,6500001,6600000,100000,*,11,0,0
chr14,6600001,6700000,100000,*,6,0,0
chr14,6700001,6800000,100000,*,13,0,0
chr14,6800001,6900000,100000,*,4,0,0
chr14,6900001,7000000,100000,*,7,0,0
chr14,7000001,7100000,100000,*,7,0,0
chr14,7100001,7200000,100000,*,8,0,0
chr14,7200001,7300000,100000,*,4,0,0
chr14,7300001,7400000,100000,*,7,0,0
chr14,7400001,7500000,100000,*,6,0,0
chr14,7500001,7600000,100000,*,5,0,0
chr14,7600001,7700000,100000,*,6,0,0
chr14,7700001,7800000,100000,*,20,0,0
chr14,7800001,7900000,100000,*,11,0,0
chr14,7900001,8000000,100000,*,3,0,0
chr14,8000001,8100000,100000,*,6,0,0
chr14,8100001,8200000,100000,*,6,0,0
chr14,8200001,8300000,100000,*,4,0,0
chr14,8300001,8400000,100000,*,17,0,0
chr14,8400001,8500000,100000,*,9,0,0
chr14,8500001,8600000,100000,*,11,0,0
chr14,8600001,8700000,100000,*,12,0,0
chr14,8700001,8800000,100000,*,13,0,0
chr14,8800001,8900000,100000,*,19,0,0
chr14,8900001,9000000,100000,*,11,0,0
chr14,9000001,9100000,100000,*,11,0,0
chr14,9100001,9200000,100000,*,12,0,0
chr14,9200001,9300000,100000,*,2,0,0
chr14,9300001,9400000,100000,*,10,0,0
chr14,9400001,9500000,100000,*,20,0,0
chr14,9500001,9600000,100000,*,8,0,0
chr14,9600001,9700000,100000,*,15,0,0
chr14,9700001,9800000,100000,*,8,0,0
chr14,9800001,9900000,100000,*,9,0,0
chr14,9900001,10000000,100000,*,12,0,0
chr14,10000001,10100000,100000,*,13,0,0
chr14,10100001,10200000,100000,*,15,0,0
chr14,10200001,10300000,100000,*,10,0,0
chr14,10300001,10400000,100000,*,28,0,0
chr14,10400001,10500000,100000,*,18,0,0
chr14,10500001,10600000,100000,*,28,0,0
chr14,10600001,10700000,100000,*,24,0,0
chr14,10700001,10800000,100000,*,14,0,0
chr14,10800001,10900000,100000,*,20,0,0
chr14,10900001,11000000,100000,*,23,0,0
chr14,11000001,11100000,100000,*,20,0,0
chr14,11100001,11200000,100000,*,18,0,0
chr14,11200001,11300000,100000,*,18,0,0
chr14,11300001,11400000,100000,*,17,0,0
chr14,11400001,11500000,100000,*,22,0,0
chr14,11500001,11600000,100000,*,31,0,0
chr14,11600001,11700000,100000,*,18,0,0
chr14,11700001,11800000,100000,*,22,0,0
chr14,11800001,11900000,100000,*,28,0,0
chr14,11900001,12000000,100000,*,10,0,0
chr14,12000001,12100000,100000,*,19,0,0
chr14,12100001,12200000,100000,*,19,0,0
chr14,12200001,12300000,100000,*,20,0,0
chr14,12300001,12400000,100000,*,16,0,0
chr14,12400001,12500000,100000,*,14,0,0
chr14,12500001,12600000,100000,*,18,0,0
chr14,12600001,12700000,100000,*,18,0,0
chr14,12700001,12800000,100000,*,12,0,0
chr14,12800001,12900000,100000,*,14,0,0
chr14,12900001,13000000,100000,*,8,0,0
chr14,13000001,13100000,100000,*,16,0,0
chr14,13100001,13200000,100000,*,6,0,0
chr14,13200001,13300000,100000,*,14,0,0
chr14,13300001,13400000,100000,*,10,0,0
chr14,13400001,13500000,100000,*,18,0,0
chr14,13500001,13600000,100000,*,21,0,0
chr14,13600001,13700000,100000,*,9,0,0
chr14,13700001,13800000,100000,*,17,0,0
chr14,13800001,13900000,100000,*,16,0,0
chr14,13900001,14000000,100000,*,17,0,0
chr14,14000001,14100000,100000,*,15,0,0
chr14,14100001,14200000,100000,*,15,0,0
chr14,14200001,14300000,100000,*,33,0,0
chr14,14300001,14400000,100000,*,39,0,0
chr14,14400001,14500000,100000,*,41,0,0
chr14,14500001,14600000,100000,*,39,0,0
chr14,14600001,14700000,100000,*,38,0,0
chr14,14700001,14800000,100000,*,48,0,0
chr14,14800001,14900000,100000,*,33,0,0
chr14,14900001,15000000,100000,*,28,0,0
chr14,15000001,15100000,100000,*,39,0,0
chr14,15100001,15200000,100000,*,40,0,0
chr14,15200001,15300000,100000,*,24,0,0
chr14,15300001,15400000,100000,*,21,0,0
chr14,15400001,15500000,100000,*,40,0,0
chr14,15500001,15600000,100000,*,44,0,0
chr14,15600001,15700000,100000,*,31,0,0
chr14,15700001,15800000,100000,*,33,0,0
chr14,15800001,15900000,100000,*,28,0,0
chr14,15900001,16000000,100000,*,27,0,0
chr14,16000001,16100000,100000,*,22,0,0
chr14,16100001,16200000,100000,*,30,0,0
chr14,16200001,16300000,100000,*,35,0,0
chr14,16300001,16400000,100000,*,31,0,0
chr14,16400001,16500000,100000,*,22,0,0
chr14,16500001,16600000,100000,*,31,0,0
chr14,16600001,16700000,100000,*,27,0,0
chr14,16700001,16800000,100000,*,32,0,0
chr14,16800001,16900000,100000,*,34,0,0
chr14,16900001,17000000,100000,*,37,0,0
chr14,17000001,17100000,100000,*,26,0,0
chr14,17100001,17200000,100000,*,36,0,0
chr14,17200001,17300000,100000,*,42,0,0
chr14,17300001,17400000,100000,*,33,0,0
chr14,17400001,17500000,100000,*,36,0,0
chr14,17500001,17600000,100000,*,31,0,0
chr14,17600001,17700000,100000,*,22,0,0
chr14,17700001,17800000,100000,*,22,0,0
chr14,17800001,17900000,100000,*,20,0,0
chr14,17900001,18000000,100000,*,12,0,0
chr14,18000001,18100000,100000,*,13,0,0
chr14,18100001,18200000,100000,*,23,0,0
chr14,18200001,18300000,100000,*,6,0,0
chr14,18300001,18400000,100000,*,16,0,0
chr14,18400001,18500000,100000,*,28,0,0
chr14,18500001,18600000,100000,*,16,0,0
chr14,18600001,18700000,100000,*,15,0,0
chr14,18700001,18800000,100000,*,26,0,0
chr14,18800001,18900000,100000,*,25,0,0
chr14,18900001,19000000,100000,*,20,0,0
chr14,19000001,19100000,100000,*,31,0,0
chr14,19100001,19200000,100000,*,38,0,0
chr14,19200001,19300000,100000,*,18,0,0
chr14,19300001,19400000,100000,*,10,0,0
chr14,19400001,19500000,100000,*,26,0,0
chr14,19500001,19600000,100000,*,21,0,0
chr14,19600001,19700000,100000,*,12,0,0
chr14,19700001,19800000,100000,*,19,0,0
chr14,19800001,19900000,100000,*,12,0,0
chr14,19900001,20000000,100000,*,23,0,0
chr14,20000001,20100000,100000,*,19,0,0
chr14,20100001,20200000,100000,*,33,0,0
chr14,20200001,20300000,100000,*,13,0,0
chr14,20300001,20400000,100000,*,18,0,0
chr14,20400001,20500000,100000,*,14,0,0
chr14,20500001,20600000,100000,*,9,0,0
chr14,20600001,20700000,100000,*,19,0,0
chr14,20700001,20800000,100000,*,24,0,0
chr14,20800001,20900000,100000,*,27,0,0
chr14,20900001,21000000,100000,*,24,0,0
chr14,21000001,21100000,100000,*,24,0,0
chr14,21100001,21200000,100000,*,23,0,0
chr14,21200001,21300000,100000,*,8,0,0
chr14,21300001,21400000,100000,*,11,0,0
chr14,21400001,21500000,100000,*,10,0,0
chr14,21500001,21600000,100000,*,21,0,0
chr14,21600001,21700000,100000,*,22,0,0
chr14,21700001,21800000,100000,*,20,0,0
chr14,21800001,21900000,100000,*,18,0,0
chr14,21900001,22000000,100000,*,16,0,0
chr14,22000001,22100000,100000,*,20,0,0
chr14,22100001,22200000,100000,*,24,0,0
chr14,22200001,22300000,100000,*,11,0,0
chr14,22300001,22400000,100000,*,16,0,0
chr14,22400001,22500000,100000,*,16,0,0
chr14,22500001,22600000,100000,*,14,0,0
chr14,22600001,22700000,100000,*,13,0,0
chr14,22700001,22800000,100000,*,25,0,0
chr14,22800001,22900000,100000,*,8,0,0
chr14,22900001,23000000,100000,*,22,0,0
chr14,23000001,23100000,100000,*,17,0,0
chr14,23100001,23200000,100000,*,25,0,0
chr14,23200001,23300000,100000,*,24,0,0
chr14,23300001,23400000,100000,*,14,0,0
chr14,23400001,23500000,100000,*,36,0,0
chr14,23500001,23600000,100000,*,37,0,0
chr14,23600001,23700000,100000,*,30,0,0
chr14,23700001,23800000,100000,*,16,0,0
chr14,23800001,23900000,100000,*,13,0,0
chr14,23900001,24000000,100000,*,24,0,0
chr14,24000001,24100000,100000,*,7,0,0
chr14,24100001,24200000,100000,*,13,0,0
chr14,24200001,24300000,100000,*,10,0,0
chr14,24300001,24400000,100000,*,14,0,0
chr14,24400001,24500000,100000,*,5,0,0
chr14,24500001,24600000,100000,*,12,0,0
chr14,24600001,24700000,100000,*,19,0,0
chr14,24700001,24800000,100000,*,17,0,0
chr14,24800001,24900000,100000,*,19,0,0
chr14,24900001,25000000,100000,*,21,0,0
chr14,25000001,25100000,100000,*,14,0,0
chr14,25100001,25200000,100000,*,19,0,0
chr14,25200001,25300000,100000,*,10,0,0
chr14,25300001,25400000,100000,*,15,0,0
chr14,25400001,25500000,100000,*,10,0,0
chr14,25500001,25600000,100000,*,11,0,0
chr14,25600001,25700000,100000,*,14,0,0
chr14,25700001,25800000,100000,*,12,0,0
chr14,25800001,25845826,45826,*,7,0,0
chr15,1,100000,100000,*,29,0,0
chr15,100001,200000,100000,*,12,0,0
chr15,200001,300000,100000,*,10,0,0
chr15,300001,400000,100000,*,13,0,0
chr15,400001,500000,100000,*,17,0,0
chr15,500001,600000,100000,*,14,0,0
chr15,600001,700000,100000,*,10,0,0
chr15,700001,800000,100000,*,24,0,0
chr15,800001,900000,100000,*,35,0,0
chr15,900001,1000000,100000,*,6,0,0
chr15,1000001,1100000,100000,*,8,0,0
chr15,1100001,1200000,100000,*,8,0,0
chr15,1200001,1300000,100000,*,9,0,0
chr15,1300001,1400000,100000,*,8,0,0
chr15,1400001,1500000,100000,*,6,0,0
chr15,1500001,1600000,100000,*,10,0,0
chr15,1600001,1700000,100000,*,15,0,0
chr15,1700001,1800000,100000,*,4,0,0
chr15,1800001,1900000,100000,*,20,0,0
chr15,1900001,2000000,100000,*,12,0,0
chr15,2000001,2100000,100000,*,7,0,0
chr15,2100001,2200000,100000,*,14,0,0
chr15,2200001,2300000,100000,*,8,0,0
chr15,2300001,2400000,100000,*,8,0,0
chr15,2400001,2500000,100000,*,5,0,0
chr15,2500001,2600000,100000,*,9,0,0
chr15,2600001,2700000,100000,*,3,0,0
chr15,2700001,2800000,100000,*,9,0,0
chr15,2800001,2900000,100000,*,9,0,0
chr15,2900001,3000000,100000,*,8,0,0
chr15,3000001,3100000,100000,*,11,0,0
chr15,3100001,3200000,100000,*,9,0,0
chr15,3200001,3300000,100000,*,8,0,0
chr15,3300001,3400000,100000,*,15,0,0
chr15,3400001,3500000,100000,*,15,0,0
chr15,3500001,3600000,100000,*,6,0,0
chr15,3600001,3700000,100000,*,6,0,0
chr15,3700001,3800000,100000,*,9,0,0
chr15,3800001,3900000,100000,*,10,0,0
chr15,3900001,4000000,100000,*,8,0,0
chr15,4000001,4100000,100000,*,7,0,0
chr15,4100001,4200000,100000,*,14,0,0
chr15,4200001,4300000,100000,*,2,0,0
chr15,4300001,4400000,100000,*,7,0,0
chr15,4400001,4500000,100000,*,9,0,0
chr15,4500001,4600000,100000,*,11,0,0
chr15,4600001,4700000,100000,*,2,0,0
chr15,4700001,4800000,100000,*,1,0,0
chr15,4800001,4900000,100000,*,2,0,0
chr15,4900001,5000000,100000,*,4,0,0
chr15,5000001,5100000,100000,*,14,0,0
chr15,5100001,5200000,100000,*,21,0,0
chr15,5200001,5300000,100000,*,4,0,0
chr15,5300001,5400000,100000,*,9,0,0
chr15,5400001,5500000,100000,*,4,0,0
chr15,5500001,5600000,100000,*,6,0,0
chr15,5600001,5700000,100000,*,9,0,0
chr15,5700001,5800000,100000,*,5,0,0
chr15,5800001,5900000,100000,*,8,0,0
chr15,5900001,6000000,100000,*,9,0,0
chr15,6000001,6100000,100000,*,14,0,0
chr15,6100001,6200000,100000,*,17,0,0
chr15,6200001,6300000,100000,*,9,0,0
chr15,6300001,6400000,100000,*,5,0,0
chr15,6400001,6500000,100000,*,18,0,0
chr15,6500001,6600000,100000,*,9,0,0
chr15,6600001,6700000,100000,*,4,0,0
chr15,6700001,6800000,100000,*,9,0,0
chr15,6800001,6900000,100000,*,4,0,0
chr15,6900001,7000000,100000,*,8,0,0
chr15,7000001,7100000,100000,*,14,0,0
chr15,7100001,7200000,100000,*,6,0,0
chr15,7200001,7300000,100000,*,11,0,0
chr15,7300001,7400000,100000,*,10,0,0
chr15,7400001,7500000,100000,*,6,0,0
chr15,7500001,7600000,100000,*,4,0,0
chr15,7600001,7700000,100000,*,12,0,0
chr15,7700001,7800000,100000,*,12,0,0
chr15,7800001,7900000,100000,*,18,0,0
chr15,7900001,8000000,100000,*,9,0,0
chr15,8000001,8100000,100000,*,7,0,0
chr15,8100001,8200000,100000,*,16,0,0
chr15,8200001,8300000,100000,*,5,0,0
chr15,8300001,8400000,100000,*,5,0,0
chr15,8400001,8500000,100000,*,7,0,0
chr15,8500001,8600000,100000,*,4,0,0
chr15,8600001,8700000,100000,*,6,0,0
chr15,8700001,8800000,100000,*,2,0,0
chr15,8800001,8900000,100000,*,3,0,0
chr15,8900001,9000000,100000,*,14,0,0
chr15,9000001,9100000,100000,*,10,0,0
chr15,9100001,9200000,100000,*,14,0,0
chr15,9200001,9300000,100000,*,19,0,0
chr15,9300001,9400000,100000,*,6,0,0
chr15,9400001,9500000,100000,*,8,0,0
chr15,9500001,9600000,100000,*,9,0,0
chr15,9600001,9700000,100000,*,15,0,0
chr15,9700001,9800000,100000,*,6,0,0
chr15,9800001,9900000,100000,*,26,0,0
chr15,9900001,10000000,100000,*,28,0,0
chr15,10000001,10100000,100000,*,14,0,0
chr15,10100001,10200000,100000,*,4,0,0
chr15,10200001,10300000,100000,*,14,0,0
chr15,10300001,10400000,100000,*,12,0,0
chr15,10400001,10500000,100000,*,10,0,0
chr15,10500001,10600000,100000,*,13,0,0
chr15,10600001,10700000,100000,*,10,0,0
chr15,10700001,10800000,100000,*,6,0,0
chr15,10800001,10900000,100000,*,30,0,0
chr15,10900001,11000000,100000,*,8,0,0
chr15,11000001,11100000,100000,*,9,0,0
chr15,11100001,11200000,100000,*,15,0,0
chr15,11200001,11300000,100000,*,10,0,0
chr15,11300001,11400000,100000,*,13,0,0
chr15,11400001,11500000,100000,*,15,0,0
chr15,11500001,11600000,100000,*,20,0,0
chr15,11600001,11700000,100000,*,18,0,0
chr15,11700001,11800000,100000,*,16,0,0
chr15,11800001,11900000,100000,*,14,0,0
chr15,11900001,12000000,100000,*,12,0,0
chr15,12000001,12100000,100000,*,22,0,0
chr15,12100001,12200000,100000,*,16,0,0
chr15,12200001,12300000,100000,*,13,0,0
chr15,12300001,12400000,100000,*,14,0,0
chr15,12400001,12500000,100000,*,8,0,0
chr15,12500001,12600000,100000,*,15,0,0
chr15,12600001,12700000,100000,*,17,0,0
chr15,12700001,12800000,100000,*,27,0,0
chr15,12800001,12900000,100000,*,21,0,0
chr15,12900001,13000000,100000,*,12,0,0
chr15,13000001,13100000,100000,*,17,0,0
chr15,13100001,13200000,100000,*,18,0,0
chr15,13200001,13300000,100000,*,17,0,0
chr15,13300001,13400000,100000,*,20,0,0
chr15,13400001,13500000,100000,*,16,0,0
chr15,13500001,13600000,100000,*,23,0,0
chr15,13600001,13700000,100000,*,23,0,0
chr15,13700001,13800000,100000,*,21,0,0
chr15,13800001,13900000,100000,*,24,0,0
chr15,13900001,14000000,100000,*,19,0,0
chr15,14000001,14100000,100000,*,23,0,0
chr15,14100001,14200000,100000,*,13,0,0
chr15,14200001,14300000,100000,*,20,0,0
chr15,14300001,14400000,100000,*,16,0,0
chr15,14400001,14500000,100000,*,17,0,0
chr15,14500001,14600000,100000,*,15,0,0
chr15,14600001,14700000,100000,*,15,0,0
chr15,14700001,14800000,100000,*,27,0,0
chr15,14800001,14900000,100000,*,26,0,0
chr15,14900001,15000000,100000,*,26,0,0
chr15,15000001,15100000,100000,*,14,0,0
chr15,15100001,15200000,100000,*,4,0,0
chr15,15200001,15300000,100000,*,14,0,0
chr15,15300001,15400000,100000,*,10,0,0
chr15,15400001,15500000,100000,*,13,0,0
chr15,15500001,15600000,100000,*,20,0,0
chr15,15600001,15700000,100000,*,24,0,0
chr15,15700001,15800000,100000,*,10,0,0
chr15,15800001,15900000,100000,*,18,0,0
chr15,15900001,16000000,100000,*,25,0,0
chr15,16000001,16100000,100000,*,18,0,0
chr15,16100001,16200000,100000,*,19,0,0
chr15,16200001,16300000,100000,*,14,0,0
chr15,16300001,16400000,100000,*,28,0,0
chr15,16400001,16500000,100000,*,21,0,0
chr15,16500001,16600000,100000,*,14,0,0
chr15,16600001,16700000,100000,*,26,0,0
chr15,16700001,16800000,100000,*,26,0,0
chr15,16800001,16900000,100000,*,16,0,0
chr15,16900001,17000000,100000,*,11,0,0
chr15,17000001,17100000,100000,*,18,0,0
chr15,17100001,17200000,100000,*,12,0,0
chr15,17200001,17300000,100000,*,16,0,0
chr15,17300001,17400000,100000,*,23,0,0
chr15,17400001,17500000,100000,*,13,0,0
chr15,17500001,17600000,100000,*,20,0,0
chr15,17600001,17700000,100000,*,31,0,0
chr15,17700001,17800000,100000,*,25,0,0
chr15,17800001,17900000,100000,*,36,0,0
chr15,17900001,18000000,100000,*,29,0,0
chr15,18000001,18100000,100000,*,10,0,0
chr15,18100001,18200000,100000,*,12,0,0
chr15,18200001,18300000,100000,*,8,0,0
chr15,18300001,18400000,100000,*,23,0,0
chr15,18400001,18500000,100000,*,28,0,0
chr15,18500001,18600000,100000,*,27,0,0
chr15,18600001,18700000,100000,*,18,0,0
chr15,18700001,18800000,100000,*,28,0,0
chr15,18800001,18900000,100000,*,20,0,0
chr15,18900001,19000000,100000,*,25,0,0
chr15,19000001,19100000,100000,*,24,0,0
chr15,19100001,19200000,100000,*,34,0,0
chr15,19200001,19300000,100000,*,16,0,0
chr15,19300001,19400000,100000,*,10,0,0
chr15,19400001,19500000,100000,*,5,0,0
chr15,19500001,19600000,100000,*,6,0,0
chr15,19600001,19700000,100000,*,17,0,0
chr15,19700001,19800000,100000,*,9,0,0
chr15,19800001,19900000,100000,*,20,0,0
chr15,19900001,20000000,100000,*,17,0,0
chr15,20000001,20100000,100000,*,17,0,0
chr15,20100001,20200000,100000,*,14,0,0
chr15,20200001,20300000,100000,*,27,0,0
chr15,20300001,20400000,100000,*,23,0,0
chr15,20400001,20500000,100000,*,18,0,0
chr15,20500001,20600000,100000,*,16,0,0
chr15,20600001,20700000,100000,*,19,0,0
chr15,20700001,20800000,100000,*,18,0,0
chr15,20800001,20900000,100000,*,17,0,0
chr15,20900001,21000000,100000,*,26,0,0
chr15,21000001,21100000,100000,*,22,0,0
chr15,21100001,21200000,100000,*,8,0,0
chr15,21200001,21300000,100000,*,8,0,0
chr15,21300001,21400000,100000,*,11,0,0
chr15,21400001,21500000,100000,*,19,0,0
chr15,21500001,21600000,100000,*,10,0,0
chr15,21600001,21700000,100000,*,18,0,0
chr15,21700001,21800000,100000,*,13,0,0
chr15,21800001,21900000,100000,*,5,0,0
chr15,21900001,22000000,100000,*,11,0,0
chr15,22000001,22100000,100000,*,18,0,0
chr15,22100001,22200000,100000,*,12,0,0
chr15,22200001,22300000,100000,*,17,0,0
chr15,22300001,22400000,100000,*,17,0,0
chr15,22400001,22500000,100000,*,12,0,0
chr15,22500001,22600000,100000,*,10,0,0
chr15,22600001,22700000,100000,*,11,0,0
chr15,22700001,22800000,100000,*,25,0,0
chr15,22800001,22900000,100000,*,18,0,0
chr15,22900001,23000000,100000,*,7,0,0
chr15,23000001,23100000,100000,*,24,0,0
chr15,23100001,23200000,100000,*,22,0,0
chr15,23200001,23300000,100000,*,16,0,0
chr15,23300001,23400000,100000,*,13,0,0
chr15,23400001,23500000,100000,*,21,0,0
chr15,23500001,23600000,100000,*,13,0,0
chr15,23600001,23700000,100000,*,21,0,0
chr15,23700001,23800000,100000,*,18,0,0
chr15,23800001,23900000,100000,*,20,0,0
chr15,23900001,24000000,100000,*,16,0,0
chr15,24000001,24100000,100000,*,30,0,0
chr15,24100001,24200000,100000,*,14,0,0
chr15,24200001,24300000,100000,*,38,0,0
chr15,24300001,24400000,100000,*,21,0,0
chr15,24400001,24500000,100000,*,13,0,0
chr15,24500001,24600000,100000,*,14,0,0
chr15,24600001,24700000,100000,*,6,0,0
chr15,24700001,24800000,100000,*,13,0,0
chr15,24800001,24900000,100000,*,17,0,0
chr15,24900001,25000000,100000,*,9,0,0
chr15,25000001,25100000,100000,*,12,0,0
chr15,25100001,25200000,100000,*,2,0,0
chr15,25200001,25300000,100000,*,8,0,0
chr15,25300001,25400000,100000,*,18,0,0
chr15,25400001,25500000,100000,*,12,0,0
chr15,25500001,25600000,100000,*,12,0,0
chr15,25600001,25700000,100000,*,8,0,0
chr15,25700001,25800000,100000,*,26,0,0
chr15,25800001,25900000,100000,*,25,0,0
chr15,25900001,26000000,100000,*,31,0,0
chr15,26000001,26100000,100000,*,15,0,0
chr15,26100001,26200000,100000,*,17,0,0
chr15,26200001,26300000,100000,*,12,0,0
chr15,26300001,26400000,100000,*,16,0,0
chr15,26400001,26500000,100000,*,23,0,0
chr15,26500001,26600000,100000,*,12,0,0
chr15,26600001,26700000,100000,*,25,0,0
chr15,26700001,26800000,100000,*,15,0,0
chr15,26800001,26900000,100000,*,15,0,0
chr15,26900001,27000000,100000,*,12,0,0
chr15,27000001,27100000,100000,*,26,0,0
chr15,27100001,27200000,100000,*,27,0,0
chr15,27200001,27300000,100000,*,19,0,0
chr15,27300001,27400000,100000,*,23,0,0
chr15,27400001,27500000,100000,*,36,0,0
chr15,27500001,27600000,100000,*,26,0,0
chr15,27600001,27700000,100000,*,26,0,0
chr15,27700001,27800000,100000,*,31,0,0
chr15,27800001,27879834,79834,*,14,0,0
chr16,1,100000,100000,*,7,0,0
chr16,100001,200000,100000,*,16,0,0
chr16,200001,300000,100000,*,17,0,0
chr16,300001,400000,100000,*,11,0,0
chr16,400001,500000,100000,*,12,0,0
chr16,500001,600000,100000,*,5,0,0
chr16,600001,700000,100000,*,8,0,0
chr16,700001,800000,100000,*,13,0,0
chr16,800001,900000,100000,*,4,0,0
chr16,900001,1000000,100000,*,14,0,0
chr16,1000001,1100000,100000,*,17,0,0
chr16,1100001,1200000,100000,*,18,0,0
chr16,1200001,1300000,100000,*,18,0,0
chr16,1300001,1400000,100000,*,29,0,0
chr16,1400001,1500000,100000,*,25,0,0
chr16,1500001,1600000,100000,*,9,0,0
chr16,1600001,1700000,100000,*,11,0,0
chr16,1700001,1800000,100000,*,23,0,0
chr16,1800001,1900000,100000,*,14,0,0
chr16,1900001,2000000,100000,*,25,0,0
chr16,2000001,2100000,100000,*,19,0,0
chr16,2100001,2200000,100000,*,12,0,0
chr16,2200001,2300000,100000,*,17,0,0
chr16,2300001,2400000,100000,*,15,0,0
chr16,2400001,2500000,100000,*,15,0,0
chr16,2500001,2600000,100000,*,17,0,0
chr16,2600001,2700000,100000,*,7,0,0
chr16,2700001,2800000,100000,*,23,0,0
chr16,2800001,2900000,100000,*,12,0,0
chr16,2900001,3000000,100000,*,19,0,0
chr16,3000001,3100000,100000,*,10,0,0
chr16,3100001,3200000,100000,*,6,0,0
chr16,3200001,3300000,100000,*,11,0,0
chr16,3300001,3400000,100000,*,31,0,0
chr16,3400001,3500000,100000,*,11,0,0
chr16,3500001,3600000,100000,*,23,0,0
chr16,3600001,3700000,100000,*,11,0,0
chr16,3700001,3800000,100000,*,20,0,0
chr16,3800001,3900000,100000,*,11,0,0
chr16,3900001,4000000,100000,*,23,0,0
chr16,4000001,4100000,100000,*,16,0,0
chr16,4100001,4200000,100000,*,13,0,0
chr16,4200001,4300000,100000,*,6,0,0
chr16,4300001,4400000,100000,*,17,0,0
chr16,4400001,4500000,100000,*,19,0,0
chr16,4500001,4600000,100000,*,36,0,0
chr16,4600001,4700000,100000,*,14,0,0
chr16,4700001,4800000,100000,*,17,0,0
chr16,4800001,4900000,100000,*,17,0,0
chr16,4900001,5000000,100000,*,14,0,0
chr16,5000001,5100000,100000,*,13,0,0
chr16,5100001,5200000,100000,*,10,0,0
chr16,5200001,5300000,100000,*,9,0,0
chr16,5300001,5400000,100000,*,10,0,0
chr16,5400001,5500000,100000,*,16,0,0
chr16,5500001,5600000,100000,*,26,0,0
chr16,5600001,5700000,100000,*,24,0,0
chr16,5700001,5800000,100000,*,32,0,0
chr16,5800001,5900000,100000,*,35,0,0
chr16,5900001,6000000,100000,*,36,0,0
chr16,6000001,6100000,100000,*,31,0,0
chr16,6100001,6200000,100000,*,29,0,0
chr16,6200001,6300000,100000,*,25,0,0
chr16,6300001,6400000,100000,*,37,0,0
chr16,6400001,6500000,100000,*,48,0,0
chr16,6500001,6600000,100000,*,34,0,0
chr16,6600001,6700000,100000,*,29,0,0
chr16,6700001,6800000,100000,*,41,0,0
chr16,6800001,6900000,100000,*,34,0,0
chr16,6900001,7000000,100000,*,48,0,0
chr16,7000001,7100000,100000,*,35,0,0
chr16,7100001,7200000,100000,*,31,0,0
chr16,7200001,7300000,100000,*,31,0,0
chr16,7300001,7400000,100000,*,29,0,0
chr16,7400001,7500000,100000,*,52,0,0
chr16,7500001,7600000,100000,*,41,0,0
chr16,7600001,7700000,100000,*,42,0,0
chr16,7700001,7800000,100000,*,39,0,0
chr16,7800001,7900000,100000,*,36,0,0
chr16,7900001,8000000,100000,*,11,0,0
chr16,8000001,8100000,100000,*,17,0,0
chr16,8100001,8200000,100000,*,12,0,0
chr16,8200001,8300000,100000,*,16,0,0
chr16,8300001,8400000,100000,*,24,0,0
chr16,8400001,8500000,100000,*,24,0,0
chr16,8500001,8600000,100000,*,17,0,0
chr16,8600001,8700000,100000,*,22,0,0
chr16,8700001,8800000,100000,*,28,0,0
chr16,8800001,8900000,100000,*,22,0,0
chr16,8900001,9000000,100000,*,19,0,0
chr16,9000001,9100000,100000,*,31,0,0
chr16,9100001,9200000,100000,*,16,0,0
chr16,9200001,9300000,100000,*,20,0,0
chr16,9300001,9400000,100000,*,24,0,0
chr16,9400001,9500000,100000,*,12,0,0
chr16,9500001,9600000,100000,*,32,0,0
chr16,9600001,9700000,100000,*,28,0,0
chr16,9700001,9800000,100000,*,29,0,0
chr16,9800001,9900000,100000,*,17,0,0
chr16,9900001,10000000,100000,*,19,0,0
chr16,10000001,10100000,100000,*,19,0,0
chr16,10100001,10200000,100000,*,13,0,0
chr16,10200001,10300000,100000,*,12,0,0
chr16,10300001,10400000,100000,*,23,0,0
chr16,10400001,10500000,100000,*,11,0,0
chr16,10500001,10600000,100000,*,12,0,0
chr16,10600001,10700000,100000,*,36,0,0
chr16,10700001,10800000,100000,*,21,0,0
chr16,10800001,10900000,100000,*,16,0,0
chr16,10900001,11000000,100000,*,15,0,0
chr16,11000001,11100000,100000,*,9,0,0
chr16,11100001,11200000,100000,*,37,0,0
chr16,11200001,11300000,100000,*,15,0,0
chr16,11300001,11400000,100000,*,25,0,0
chr16,11400001,11500000,100000,*,25,0,0
chr16,11500001,11600000,100000,*,5,0,0
chr16,11600001,11700000,100000,*,14,0,0
chr16,11700001,11800000,100000,*,13,0,0
chr16,11800001,11900000,100000,*,12,0,0
chr16,11900001,12000000,100000,*,11,0,0
chr16,12000001,12100000,100000,*,17,0,0
chr16,12100001,12200000,100000,*,17,0,0
chr16,12200001,12300000,100000,*,10,0,0
chr16,12300001,12400000,100000,*,14,0,0
chr16,12400001,12500000,100000,*,18,0,0
chr16,12500001,12600000,100000,*,22,0,0
chr16,12600001,12700000,100000,*,14,0,0
chr16,12700001,12800000,100000,*,8,0,0
chr16,12800001,12900000,100000,*,13,0,0
chr16,12900001,13000000,100000,*,10,0,0
chr16,13000001,13100000,100000,*,37,0,0
chr16,13100001,13200000,100000,*,14,0,0
chr16,13200001,13300000,100000,*,13,0,0
chr16,13300001,13400000,100000,*,13,0,0
chr16,13400001,13500000,100000,*,25,0,0
chr16,13500001,13600000,100000,*,11,0,0
chr16,13600001,13700000,100000,*,19,0,0
chr16,13700001,13800000,100000,*,30,0,0
chr16,13800001,13900000,100000,*,10,0,0
chr16,13900001,14000000,100000,*,35,0,0
chr16,14000001,14100000,100000,*,41,0,0
chr16,14100001,14200000,100000,*,28,0,0
chr16,14200001,14300000,100000,*,9,0,0
chr16,14300001,14400000,100000,*,6,0,0
chr16,14400001,14500000,100000,*,5,0,0
chr16,14500001,14600000,100000,*,10,0,0
chr16,14600001,14700000,100000,*,8,0,0
chr16,14700001,14800000,100000,*,18,0,0
chr16,14800001,14900000,100000,*,22,0,0
chr16,14900001,15000000,100000,*,10,0,0
chr16,15000001,15100000,100000,*,12,0,0
chr16,15100001,15200000,100000,*,16,0,0
chr16,15200001,15300000,100000,*,12,0,0
chr16,15300001,15400000,100000,*,5,0,0
chr16,15400001,15500000,100000,*,6,0,0
chr16,15500001,15600000,100000,*,7,0,0
chr16,15600001,15700000,100000,*,9,0,0
chr16,15700001,15800000,100000,*,12,0,0
chr16,15800001,15900000,100000,*,7,0,0
chr16,15900001,16000000,100000,*,6,0,0
chr16,16000001,16100000,100000,*,7,0,0
chr16,16100001,16200000,100000,*,5,0,0
chr16,16200001,16300000,100000,*,5,0,0
chr16,16300001,16400000,100000,*,12,0,0
chr16,16400001,16500000,100000,*,15,0,0
chr16,16500001,16600000,100000,*,18,0,0
chr16,16600001,16700000,100000,*,17,0,0
chr16,16700001,16800000,100000,*,6,0,0
chr16,16800001,16900000,100000,*,3,0,0
chr16,16900001,17000000,100000,*,6,0,0
chr16,17000001,17100000,100000,*,3,0,0
chr16,17100001,17200000,100000,*,15,0,0
chr16,17200001,17300000,100000,*,1,0,0
chr16,17300001,17400000,100000,*,10,0,0
chr16,17400001,17500000,100000,*,6,0,0
chr16,17500001,17600000,100000,*,17,0,0
chr16,17600001,17700000,100000,*,9,0,0
chr16,17700001,17800000,100000,*,14,0,0
chr16,17800001,17900000,100000,*,8,0,0
chr16,17900001,18000000,100000,*,10,0,0
chr16,18000001,18100000,100000,*,1,0,0
chr16,18100001,18200000,100000,*,9,0,0
chr16,18200001,18300000,100000,*,12,0,0
chr16,18300001,18400000,100000,*,7,0,0
chr16,18400001,18500000,100000,*,8,0,0
chr16,18500001,18600000,100000,*,14,0,0
chr16,18600001,18700000,100000,*,11,0,0
chr16,18700001,18800000,100000,*,5,0,0
chr16,18800001,18900000,100000,*,4,0,0
chr16,18900001,19000000,100000,*,4,0,0
chr16,19000001,19100000,100000,*,12,0,0
chr16,19100001,19200000,100000,*,12,0,0
chr16,19200001,19300000,100000,*,1,0,0
chr16,19300001,19400000,100000,*,18,0,0
chr16,19400001,19500000,100000,*,8,0,0
chr16,19500001,19600000,100000,*,21,0,0
chr16,19600001,19700000,100000,*,3,0,0
chr16,19700001,19800000,100000,*,11,0,0
chr16,19800001,19900000,100000,*,13,0,0
chr16,19900001,20000000,100000,*,11,0,0
chr16,20000001,20100000,100000,*,12,0,0
chr16,20100001,20200000,100000,*,10,0,0
chr16,20200001,20300000,100000,*,8,0,0
chr16,20300001,20400000,100000,*,3,0,0
chr16,20400001,20443964,43964,*,13,0,0
